-5.00 0.0000 0.0010 0.0088
-4.99 0.0000 0.0011 0.0089
-4.98 0.0000 0.0011 0.0090
-4.97 0.0000 0.0011 0.0091
-4.96 0.0000 0.0011 0.0092
-4.95 0.0000 0.0011 0.0093
-4.94 0.0000 0.0012 0.0094
-4.93 0.0000 0.0012 0.0096
-4.92 0.0000 0.0012 0.0097
-4.91 0.0000 0.0013 0.0098
-4.90 0.0000 0.0013 0.0099
-4.89 0.0000 0.0013 0.0100
-4.88 0.0000 0.0013 0.0102
-4.87 0.0000 0.0014 0.0103
-4.86 0.0000 0.0014 0.0104
-4.85 0.0000 0.0014 0.0105
-4.84 0.0000 0.0015 0.0107
-4.83 0.0000 0.0015 0.0108
-4.82 0.0000 0.0015 0.0109
-4.81 0.0000 0.0016 0.0111
-4.80 0.0000 0.0016 0.0112
-4.79 0.0000 0.0016 0.0113
-4.78 0.0000 0.0017 0.0115
-4.77 0.0000 0.0017 0.0116
-4.76 0.0000 0.0017 0.0117
-4.75 0.0000 0.0018 0.0119
-4.74 0.0000 0.0018 0.0120
-4.73 0.0000 0.0018 0.0122
-4.72 0.0000 0.0019 0.0123
-4.71 0.0000 0.0019 0.0125
-4.70 0.0000 0.0020 0.0126
-4.69 0.0000 0.0020 0.0128
-4.68 0.0000 0.0020 0.0129
-4.67 0.0000 0.0021 0.0131
-4.66 0.0000 0.0021 0.0132
-4.65 0.0000 0.0022 0.0134
-4.64 0.0000 0.0022 0.0135
-4.63 0.0000 0.0023 0.0137
-4.62 0.0000 0.0023 0.0138
-4.61 0.0000 0.0024 0.0140
-4.60 0.0000 0.0024 0.0142
-4.59 0.0000 0.0025 0.0143
-4.58 0.0000 0.0025 0.0145
-4.57 0.0000 0.0026 0.0147
-4.56 0.0000 0.0026 0.0148
-4.55 0.0000 0.0027 0.0150
-4.54 0.0000 0.0027 0.0152
-4.53 0.0000 0.0028 0.0153
-4.52 0.0000 0.0028 0.0155
-4.51 0.0000 0.0029 0.0157
-4.50 0.0000 0.0030 0.0159
-4.49 0.0000 0.0030 0.0160
-4.48 0.0000 0.0031 0.0162
-4.47 0.0000 0.0031 0.0164
-4.46 0.0000 0.0032 0.0166
-4.45 0.0000 0.0033 0.0168
-4.44 0.0000 0.0033 0.0170
-4.43 0.0000 0.0034 0.0172
-4.42 0.0000 0.0035 0.0174
-4.41 0.0000 0.0035 0.0175
-4.40 0.0000 0.0036 0.0177
-4.39 0.0000 0.0037 0.0179
-4.38 0.0000 0.0037 0.0181
-4.37 0.0000 0.0038 0.0183
-4.36 0.0000 0.0039 0.0185
-4.35 0.0000 0.0040 0.0187
-4.34 0.0000 0.0040 0.0189
-4.33 0.0000 0.0041 0.0191
-4.32 0.0000 0.0042 0.0194
-4.31 0.0000 0.0043 0.0196
-4.30 0.0000 0.0044 0.0198
-4.29 0.0000 0.0045 0.0200
-4.28 0.0000 0.0045 0.0202
-4.27 0.0000 0.0046 0.0204
-4.26 0.0000 0.0047 0.0206
-4.25 0.0000 0.0048 0.0209
-4.24 0.0000 0.0049 0.0211
-4.23 0.0001 0.0050 0.0213
-4.22 0.0001 0.0051 0.0215
-4.21 0.0001 0.0052 0.0218
-4.20 0.0001 0.0053 0.0220
-4.19 0.0001 0.0054 0.0222
-4.18 0.0001 0.0055 0.0225
-4.17 0.0001 0.0056 0.0227
-4.16 0.0001 0.0057 0.0229
-4.15 0.0001 0.0058 0.0232
-4.14 0.0001 0.0059 0.0234
-4.13 0.0001 0.0060 0.0237
-4.12 0.0001 0.0061 0.0239
-4.11 0.0001 0.0062 0.0241
-4.10 0.0001 0.0063 0.0244
-4.09 0.0001 0.0065 0.0246
-4.08 0.0001 0.0066 0.0249
-4.07 0.0001 0.0067 0.0252
-4.06 0.0001 0.0068 0.0254
-4.05 0.0001 0.0069 0.0257
-4.04 0.0001 0.0071 0.0259
-4.03 0.0001 0.0072 0.0262
-4.02 0.0001 0.0073 0.0265
-4.01 0.0001 0.0075 0.0267
-4.00 0.0001 0.0076 0.0270
-3.99 0.0001 0.0077 0.0273
-3.98 0.0001 0.0079 0.0275
-3.97 0.0002 0.0080 0.0278
-3.96 0.0002 0.0082 0.0281
-3.95 0.0002 0.0083 0.0284
-3.94 0.0002 0.0084 0.0287
-3.93 0.0002 0.0086 0.0289
-3.92 0.0002 0.0087 0.0292
-3.91 0.0002 0.0089 0.0295
-3.90 0.0002 0.0091 0.0298
-3.89 0.0002 0.0092 0.0301
-3.88 0.0002 0.0094 0.0304
-3.87 0.0002 0.0095 0.0307
-3.86 0.0002 0.0097 0.0310
-3.85 0.0002 0.0099 0.0313
-3.84 0.0003 0.0100 0.0316
-3.83 0.0003 0.0102 0.0319
-3.82 0.0003 0.0104 0.0322
-3.81 0.0003 0.0106 0.0325
-3.80 0.0003 0.0107 0.0328
-3.79 0.0003 0.0109 0.0331
-3.78 0.0003 0.0111 0.0334
-3.77 0.0003 0.0113 0.0338
-3.76 0.0003 0.0115 0.0341
-3.75 0.0004 0.0117 0.0344
-3.74 0.0004 0.0119 0.0347
-3.73 0.0004 0.0121 0.0350
-3.72 0.0004 0.0123 0.0354
-3.71 0.0004 0.0125 0.0357
-3.70 0.0004 0.0127 0.0360
-3.69 0.0004 0.0129 0.0364
-3.68 0.0005 0.0131 0.0367
-3.67 0.0005 0.0133 0.0370
-3.66 0.0005 0.0136 0.0374
-3.65 0.0005 0.0138 0.0377
-3.64 0.0005 0.0140 0.0381
-3.63 0.0005 0.0142 0.0384
-3.62 0.0006 0.0145 0.0388
-3.61 0.0006 0.0147 0.0391
-3.60 0.0006 0.0149 0.0395
-3.59 0.0006 0.0152 0.0398
-3.58 0.0007 0.0154 0.0402
-3.57 0.0007 0.0157 0.0406
-3.56 0.0007 0.0159 0.0409
-3.55 0.0007 0.0162 0.0413
-3.54 0.0008 0.0164 0.0416
-3.53 0.0008 0.0167 0.0420
-3.52 0.0008 0.0169 0.0424
-3.51 0.0008 0.0172 0.0428
-3.50 0.0009 0.0175 0.0431
-3.49 0.0009 0.0178 0.0435
-3.48 0.0009 0.0180 0.0439
-3.47 0.0010 0.0183 0.0443
-3.46 0.0010 0.0186 0.0447
-3.45 0.0010 0.0189 0.0451
-3.44 0.0011 0.0192 0.0454
-3.43 0.0011 0.0195 0.0458
-3.42 0.0012 0.0198 0.0462
-3.41 0.0012 0.0201 0.0466
-3.40 0.0012 0.0204 0.0470
-3.39 0.0013 0.0207 0.0474
-3.38 0.0013 0.0210 0.0478
-3.37 0.0014 0.0213 0.0482
-3.36 0.0014 0.0216 0.0486
-3.35 0.0015 0.0220 0.0491
-3.34 0.0015 0.0223 0.0495
-3.33 0.0016 0.0226 0.0499
-3.32 0.0016 0.0230 0.0503
-3.31 0.0017 0.0233 0.0507
-3.30 0.0017 0.0236 0.0511
-3.29 0.0018 0.0240 0.0516
-3.28 0.0018 0.0244 0.0520
-3.27 0.0019 0.0247 0.0524
-3.26 0.0020 0.0251 0.0528
-3.25 0.0020 0.0254 0.0533
-3.24 0.0021 0.0258 0.0537
-3.23 0.0022 0.0262 0.0541
-3.22 0.0022 0.0266 0.0546
-3.21 0.0023 0.0269 0.0550
-3.20 0.0024 0.0273 0.0555
-3.19 0.0025 0.0277 0.0559
-3.18 0.0025 0.0281 0.0564
-3.17 0.0026 0.0285 0.0568
-3.16 0.0027 0.0289 0.0573
-3.15 0.0028 0.0293 0.0577
-3.14 0.0029 0.0297 0.0582
-3.13 0.0030 0.0302 0.0586
-3.12 0.0031 0.0306 0.0591
-3.11 0.0032 0.0310 0.0595
-3.10 0.0033 0.0314 0.0600
-3.09 0.0034 0.0319 0.0605
-3.08 0.0035 0.0323 0.0609
-3.07 0.0036 0.0328 0.0614
-3.06 0.0037 0.0332 0.0619
-3.05 0.0038 0.0337 0.0624
-3.04 0.0039 0.0341 0.0628
-3.03 0.0040 0.0346 0.0633
-3.02 0.0042 0.0350 0.0638
-3.01 0.0043 0.0355 0.0643
-3.00 0.0044 0.0360 0.0648
-2.99 0.0046 0.0365 0.0652
-2.98 0.0047 0.0370 0.0657
-2.97 0.0048 0.0375 0.0662
-2.96 0.0050 0.0380 0.0667
-2.95 0.0051 0.0385 0.0672
-2.94 0.0053 0.0390 0.0677
-2.93 0.0055 0.0395 0.0682
-2.92 0.0056 0.0400 0.0687
-2.91 0.0058 0.0405 0.0692
-2.90 0.0060 0.0410 0.0697
-2.89 0.0061 0.0416 0.0702
-2.88 0.0063 0.0421 0.0707
-2.87 0.0065 0.0426 0.0712
-2.86 0.0067 0.0432 0.0718
-2.85 0.0069 0.0437 0.0723
-2.84 0.0071 0.0443 0.0728
-2.83 0.0073 0.0449 0.0733
-2.82 0.0075 0.0454 0.0738
-2.81 0.0077 0.0460 0.0743
-2.80 0.0079 0.0466 0.0749
-2.79 0.0081 0.0472 0.0754
-2.78 0.0084 0.0477 0.0759
-2.77 0.0086 0.0483 0.0764
-2.76 0.0088 0.0489 0.0770
-2.75 0.0091 0.0495 0.0775
-2.74 0.0093 0.0501 0.0780
-2.73 0.0096 0.0508 0.0786
-2.72 0.0099 0.0514 0.0791
-2.71 0.0101 0.0520 0.0797
-2.70 0.0104 0.0526 0.0802
-2.69 0.0107 0.0533 0.0807
-2.68 0.0110 0.0539 0.0813
-2.67 0.0113 0.0546 0.0818
-2.66 0.0116 0.0552 0.0824
-2.65 0.0119 0.0559 0.0829
-2.64 0.0122 0.0565 0.0835
-2.63 0.0126 0.0572 0.0840
-2.62 0.0129 0.0579 0.0846
-2.61 0.0132 0.0585 0.0851
-2.60 0.0136 0.0592 0.0857
-2.59 0.0139 0.0599 0.0862
-2.58 0.0143 0.0606 0.0868
-2.57 0.0147 0.0613 0.0874
-2.56 0.0151 0.0620 0.0879
-2.55 0.0154 0.0627 0.0885
-2.54 0.0158 0.0634 0.0891
-2.53 0.0163 0.0641 0.0896
-2.52 0.0167 0.0649 0.0902
-2.51 0.0171 0.0656 0.0908
-2.50 0.0175 0.0663 0.0913
-2.49 0.0180 0.0671 0.0919
-2.48 0.0184 0.0678 0.0925
-2.47 0.0189 0.0686 0.0930
-2.46 0.0194 0.0693 0.0936
-2.45 0.0198 0.0701 0.0942
-2.44 0.0203 0.0708 0.0948
-2.43 0.0208 0.0716 0.0954
-2.42 0.0213 0.0724 0.0959
-2.41 0.0219 0.0732 0.0965
-2.40 0.0224 0.0739 0.0971
-2.39 0.0229 0.0747 0.0977
-2.38 0.0235 0.0755 0.0983
-2.37 0.0241 0.0763 0.0988
-2.36 0.0246 0.0771 0.0994
-2.35 0.0252 0.0780 0.1000
-2.34 0.0258 0.0788 0.1006
-2.33 0.0264 0.0796 0.1012
-2.32 0.0270 0.0804 0.1018
-2.31 0.0277 0.0813 0.1024
-2.30 0.0283 0.0821 0.1030
-2.29 0.0290 0.0829 0.1036
-2.28 0.0297 0.0838 0.1042
-2.27 0.0303 0.0846 0.1047
-2.26 0.0310 0.0855 0.1053
-2.25 0.0317 0.0863 0.1059
-2.24 0.0325 0.0872 0.1065
-2.23 0.0332 0.0881 0.1071
-2.22 0.0339 0.0890 0.1077
-2.21 0.0347 0.0898 0.1083
-2.20 0.0355 0.0907 0.1089
-2.19 0.0363 0.0916 0.1095
-2.18 0.0371 0.0925 0.1101
-2.17 0.0379 0.0934 0.1107
-2.16 0.0387 0.0943 0.1113
-2.15 0.0396 0.0952 0.1119
-2.14 0.0404 0.0961 0.1125
-2.13 0.0413 0.0970 0.1131
-2.12 0.0422 0.0980 0.1137
-2.11 0.0431 0.0989 0.1143
-2.10 0.0440 0.0998 0.1149
-2.09 0.0449 0.1008 0.1155
-2.08 0.0459 0.1017 0.1161
-2.07 0.0468 0.1026 0.1168
-2.06 0.0478 0.1036 0.1174
-2.05 0.0488 0.1045 0.1180
-2.04 0.0498 0.1055 0.1186
-2.03 0.0508 0.1064 0.1192
-2.02 0.0519 0.1074 0.1198
-2.01 0.0529 0.1084 0.1204
-2.00 0.0540 0.1093 0.1210
-1.99 0.0551 0.1103 0.1216
-1.98 0.0562 0.1113 0.1222
-1.97 0.0573 0.1123 0.1228
-1.96 0.0584 0.1133 0.1234
-1.95 0.0596 0.1142 0.1240
-1.94 0.0608 0.1152 0.1246
-1.93 0.0620 0.1162 0.1252
-1.92 0.0632 0.1172 0.1258
-1.91 0.0644 0.1182 0.1264
-1.90 0.0656 0.1192 0.1270
-1.89 0.0669 0.1202 0.1276
-1.88 0.0681 0.1213 0.1282
-1.87 0.0694 0.1223 0.1288
-1.86 0.0707 0.1233 0.1294
-1.85 0.0721 0.1243 0.1300
-1.84 0.0734 0.1253 0.1306
-1.83 0.0748 0.1264 0.1312
-1.82 0.0761 0.1274 0.1318
-1.81 0.0775 0.1284 0.1324
-1.80 0.0790 0.1295 0.1330
-1.79 0.0804 0.1305 0.1336
-1.78 0.0818 0.1315 0.1342
-1.77 0.0833 0.1326 0.1348
-1.76 0.0848 0.1336 0.1354
-1.75 0.0863 0.1347 0.1360
-1.74 0.0878 0.1357 0.1366
-1.73 0.0893 0.1368 0.1372
-1.72 0.0909 0.1378 0.1378
-1.71 0.0925 0.1389 0.1384
-1.70 0.0940 0.1399 0.1390
-1.69 0.0957 0.1410 0.1396
-1.68 0.0973 0.1420 0.1402
-1.67 0.0989 0.1431 0.1408
-1.66 0.1006 0.1442 0.1413
-1.65 0.1023 0.1452 0.1419
-1.64 0.1040 0.1463 0.1425
-1.63 0.1057 0.1474 0.1431
-1.62 0.1074 0.1484 0.1437
-1.61 0.1092 0.1495 0.1443
-1.60 0.1109 0.1506 0.1448
-1.59 0.1127 0.1516 0.1454
-1.58 0.1145 0.1527 0.1460
-1.57 0.1163 0.1538 0.1466
-1.56 0.1182 0.1549 0.1472
-1.55 0.1200 0.1559 0.1477
-1.54 0.1219 0.1570 0.1483
-1.53 0.1238 0.1581 0.1489
-1.52 0.1257 0.1592 0.1494
-1.51 0.1276 0.1602 0.1500
-1.50 0.1295 0.1613 0.1506
-1.49 0.1315 0.1624 0.1511
-1.48 0.1334 0.1635 0.1517
-1.47 0.1354 0.1645 0.1523
-1.46 0.1374 0.1656 0.1528
-1.45 0.1394 0.1667 0.1534
-1.44 0.1415 0.1678 0.1539
-1.43 0.1435 0.1688 0.1545
-1.42 0.1456 0.1699 0.1550
-1.41 0.1476 0.1710 0.1556
-1.40 0.1497 0.1721 0.1561
-1.39 0.1518 0.1731 0.1567
-1.38 0.1539 0.1742 0.1572
-1.37 0.1561 0.1753 0.1578
-1.36 0.1582 0.1763 0.1583
-1.35 0.1604 0.1774 0.1588
-1.34 0.1626 0.1785 0.1594
-1.33 0.1647 0.1795 0.1599
-1.32 0.1669 0.1806 0.1604
-1.31 0.1691 0.1816 0.1610
-1.30 0.1714 0.1827 0.1615
-1.29 0.1736 0.1837 0.1620
-1.28 0.1758 0.1848 0.1625
-1.27 0.1781 0.1858 0.1631
-1.26 0.1804 0.1869 0.1636
-1.25 0.1826 0.1879 0.1641
-1.24 0.1849 0.1890 0.1646
-1.23 0.1872 0.1900 0.1651
-1.22 0.1895 0.1911 0.1656
-1.21 0.1919 0.1921 0.1661
-1.20 0.1942 0.1931 0.1666
-1.19 0.1965 0.1942 0.1671
-1.18 0.1989 0.1952 0.1676
-1.17 0.2012 0.1962 0.1681
-1.16 0.2036 0.1972 0.1686
-1.15 0.2059 0.1982 0.1691
-1.14 0.2083 0.1992 0.1696
-1.13 0.2107 0.2003 0.1700
-1.12 0.2131 0.2013 0.1705
-1.11 0.2155 0.2023 0.1710
-1.10 0.2179 0.2033 0.1715
-1.09 0.2203 0.2042 0.1719
-1.08 0.2227 0.2052 0.1724
-1.07 0.2251 0.2062 0.1729
-1.06 0.2275 0.2072 0.1733
-1.05 0.2299 0.2082 0.1738
-1.04 0.2323 0.2091 0.1742
-1.03 0.2347 0.2101 0.1747
-1.02 0.2371 0.2111 0.1751
-1.01 0.2396 0.2120 0.1756
-1.00 0.2420 0.2130 0.1760
-0.99 0.2444 0.2139 0.1765
-0.98 0.2468 0.2148 0.1769
-0.97 0.2492 0.2158 0.1773
-0.96 0.2516 0.2167 0.1778
-0.95 0.2541 0.2176 0.1782
-0.94 0.2565 0.2185 0.1786
-0.93 0.2589 0.2195 0.1790
-0.92 0.2613 0.2204 0.1794
-0.91 0.2637 0.2213 0.1799
-0.90 0.2661 0.2221 0.1803
-0.89 0.2685 0.2230 0.1807
-0.88 0.2709 0.2239 0.1811
-0.87 0.2732 0.2248 0.1815
-0.86 0.2756 0.2257 0.1819
-0.85 0.2780 0.2265 0.1822
-0.84 0.2803 0.2274 0.1826
-0.83 0.2827 0.2282 0.1830
-0.82 0.2850 0.2290 0.1834
-0.81 0.2874 0.2299 0.1838
-0.80 0.2897 0.2307 0.1841
-0.79 0.2920 0.2315 0.1845
-0.78 0.2943 0.2323 0.1849
-0.77 0.2966 0.2331 0.1852
-0.76 0.2989 0.2339 0.1856
-0.75 0.3011 0.2347 0.1859
-0.74 0.3034 0.2355 0.1863
-0.73 0.3056 0.2363 0.1866
-0.72 0.3079 0.2370 0.1870
-0.71 0.3101 0.2378 0.1873
-0.70 0.3123 0.2385 0.1876
-0.69 0.3144 0.2393 0.1879
-0.68 0.3166 0.2400 0.1883
-0.67 0.3187 0.2407 0.1886
-0.66 0.3209 0.2414 0.1889
-0.65 0.3230 0.2421 0.1892
-0.64 0.3251 0.2428 0.1895
-0.63 0.3271 0.2435 0.1898
-0.62 0.3292 0.2442 0.1901
-0.61 0.3312 0.2449 0.1904
-0.60 0.3332 0.2455 0.1907
-0.59 0.3352 0.2462 0.1910
-0.58 0.3372 0.2468 0.1913
-0.57 0.3391 0.2474 0.1915
-0.56 0.3410 0.2481 0.1918
-0.55 0.3429 0.2487 0.1921
-0.54 0.3448 0.2493 0.1923
-0.53 0.3467 0.2499 0.1926
-0.52 0.3485 0.2505 0.1928
-0.51 0.3503 0.2510 0.1931
-0.50 0.3521 0.2516 0.1933
-0.49 0.3538 0.2521 0.1936
-0.48 0.3555 0.2527 0.1938
-0.47 0.3572 0.2532 0.1940
-0.46 0.3589 0.2537 0.1943
-0.45 0.3605 0.2543 0.1945
-0.44 0.3621 0.2548 0.1947
-0.43 0.3637 0.2553 0.1949
-0.42 0.3653 0.2557 0.1951
-0.41 0.3668 0.2562 0.1953
-0.40 0.3683 0.2567 0.1955
-0.39 0.3697 0.2571 0.1957
-0.38 0.3712 0.2576 0.1959
-0.37 0.3725 0.2580 0.1961
-0.36 0.3739 0.2584 0.1963
-0.35 0.3752 0.2588 0.1964
-0.34 0.3765 0.2592 0.1966
-0.33 0.3778 0.2596 0.1968
-0.32 0.3790 0.2600 0.1969
-0.31 0.3802 0.2603 0.1971
-0.30 0.3814 0.2607 0.1972
-0.29 0.3825 0.2610 0.1974
-0.28 0.3836 0.2614 0.1975
-0.27 0.3847 0.2617 0.1977
-0.26 0.3857 0.2620 0.1978
-0.25 0.3867 0.2623 0.1979
-0.24 0.3876 0.2626 0.1980
-0.23 0.3885 0.2629 0.1982
-0.22 0.3894 0.2631 0.1983
-0.21 0.3902 0.2634 0.1984
-0.20 0.3910 0.2636 0.1985
-0.19 0.3918 0.2638 0.1986
-0.18 0.3925 0.2641 0.1987
-0.17 0.3932 0.2643 0.1988
-0.16 0.3939 0.2645 0.1988
-0.15 0.3945 0.2646 0.1989
-0.14 0.3951 0.2648 0.1990
-0.13 0.3956 0.2650 0.1991
-0.12 0.3961 0.2651 0.1991
-0.11 0.3965 0.2652 0.1992
-0.10 0.3970 0.2654 0.1992
-0.09 0.3973 0.2655 0.1993
-0.08 0.3977 0.2656 0.1993
-0.07 0.3980 0.2657 0.1993
-0.06 0.3982 0.2657 0.1994
-0.05 0.3984 0.2658 0.1994
-0.04 0.3986 0.2659 0.1994
-0.03 0.3988 0.2659 0.1994
-0.02 0.3989 0.2659 0.1995
-0.01 0.3989 0.2660 0.1995
 0.00 0.3989 0.2660 0.1995
 0.01 0.3989 0.2660 0.1995
 0.02 0.3989 0.2659 0.1995
 0.03 0.3988 0.2659 0.1994
 0.04 0.3986 0.2659 0.1994
 0.05 0.3984 0.2658 0.1994
 0.06 0.3982 0.2657 0.1994
 0.07 0.3980 0.2657 0.1993
 0.08 0.3977 0.2656 0.1993
 0.09 0.3973 0.2655 0.1993
 0.10 0.3970 0.2654 0.1992
 0.11 0.3965 0.2652 0.1992
 0.12 0.3961 0.2651 0.1991
 0.13 0.3956 0.2650 0.1991
 0.14 0.3951 0.2648 0.1990
 0.15 0.3945 0.2646 0.1989
 0.16 0.3939 0.2645 0.1988
 0.17 0.3932 0.2643 0.1988
 0.18 0.3925 0.2641 0.1987
 0.19 0.3918 0.2638 0.1986
 0.20 0.3910 0.2636 0.1985
 0.21 0.3902 0.2634 0.1984
 0.22 0.3894 0.2631 0.1983
 0.23 0.3885 0.2629 0.1982
 0.24 0.3876 0.2626 0.1980
 0.25 0.3867 0.2623 0.1979
 0.26 0.3857 0.2620 0.1978
 0.27 0.3847 0.2617 0.1977
 0.28 0.3836 0.2614 0.1975
 0.29 0.3825 0.2610 0.1974
 0.30 0.3814 0.2607 0.1972
 0.31 0.3802 0.2603 0.1971
 0.32 0.3790 0.2600 0.1969
 0.33 0.3778 0.2596 0.1968
 0.34 0.3765 0.2592 0.1966
 0.35 0.3752 0.2588 0.1964
 0.36 0.3739 0.2584 0.1963
 0.37 0.3725 0.2580 0.1961
 0.38 0.3712 0.2576 0.1959
 0.39 0.3697 0.2571 0.1957
 0.40 0.3683 0.2567 0.1955
 0.41 0.3668 0.2562 0.1953
 0.42 0.3653 0.2557 0.1951
 0.43 0.3637 0.2553 0.1949
 0.44 0.3621 0.2548 0.1947
 0.45 0.3605 0.2543 0.1945
 0.46 0.3589 0.2537 0.1943
 0.47 0.3572 0.2532 0.1940
 0.48 0.3555 0.2527 0.1938
 0.49 0.3538 0.2521 0.1936
 0.50 0.3521 0.2516 0.1933
 0.51 0.3503 0.2510 0.1931
 0.52 0.3485 0.2505 0.1928
 0.53 0.3467 0.2499 0.1926
 0.54 0.3448 0.2493 0.1923
 0.55 0.3429 0.2487 0.1921
 0.56 0.3410 0.2481 0.1918
 0.57 0.3391 0.2474 0.1915
 0.58 0.3372 0.2468 0.1913
 0.59 0.3352 0.2462 0.1910
 0.60 0.3332 0.2455 0.1907
 0.61 0.3312 0.2449 0.1904
 0.62 0.3292 0.2442 0.1901
 0.63 0.3271 0.2435 0.1898
 0.64 0.3251 0.2428 0.1895
 0.65 0.3230 0.2421 0.1892
 0.66 0.3209 0.2414 0.1889
 0.67 0.3187 0.2407 0.1886
 0.68 0.3166 0.2400 0.1883
 0.69 0.3144 0.2393 0.1879
 0.70 0.3123 0.2385 0.1876
 0.71 0.3101 0.2378 0.1873
 0.72 0.3079 0.2370 0.1870
 0.73 0.3056 0.2363 0.1866
 0.74 0.3034 0.2355 0.1863
 0.75 0.3011 0.2347 0.1859
 0.76 0.2989 0.2339 0.1856
 0.77 0.2966 0.2331 0.1852
 0.78 0.2943 0.2323 0.1849
 0.79 0.2920 0.2315 0.1845
 0.80 0.2897 0.2307 0.1841
 0.81 0.2874 0.2299 0.1838
 0.82 0.2850 0.2290 0.1834
 0.83 0.2827 0.2282 0.1830
 0.84 0.2803 0.2274 0.1826
 0.85 0.2780 0.2265 0.1822
 0.86 0.2756 0.2257 0.1819
 0.87 0.2732 0.2248 0.1815
 0.88 0.2709 0.2239 0.1811
 0.89 0.2685 0.2230 0.1807
 0.90 0.2661 0.2221 0.1803
 0.91 0.2637 0.2213 0.1799
 0.92 0.2613 0.2204 0.1794
 0.93 0.2589 0.2195 0.1790
 0.94 0.2565 0.2185 0.1786
 0.95 0.2541 0.2176 0.1782
 0.96 0.2516 0.2167 0.1778
 0.97 0.2492 0.2158 0.1773
 0.98 0.2468 0.2148 0.1769
 0.99 0.2444 0.2139 0.1765
 1.00 0.2420 0.2130 0.1760
 1.01 0.2396 0.2120 0.1756
 1.02 0.2371 0.2111 0.1751
 1.03 0.2347 0.2101 0.1747
 1.04 0.2323 0.2091 0.1742
 1.05 0.2299 0.2082 0.1738
 1.06 0.2275 0.2072 0.1733
 1.07 0.2251 0.2062 0.1729
 1.08 0.2227 0.2052 0.1724
 1.09 0.2203 0.2042 0.1719
 1.10 0.2179 0.2033 0.1715
 1.11 0.2155 0.2023 0.1710
 1.12 0.2131 0.2013 0.1705
 1.13 0.2107 0.2003 0.1700
 1.14 0.2083 0.1992 0.1696
 1.15 0.2059 0.1982 0.1691
 1.16 0.2036 0.1972 0.1686
 1.17 0.2012 0.1962 0.1681
 1.18 0.1989 0.1952 0.1676
 1.19 0.1965 0.1942 0.1671
 1.20 0.1942 0.1931 0.1666
 1.21 0.1919 0.1921 0.1661
 1.22 0.1895 0.1911 0.1656
 1.23 0.1872 0.1900 0.1651
 1.24 0.1849 0.1890 0.1646
 1.25 0.1826 0.1879 0.1641
 1.26 0.1804 0.1869 0.1636
 1.27 0.1781 0.1858 0.1631
 1.28 0.1758 0.1848 0.1625
 1.29 0.1736 0.1837 0.1620
 1.30 0.1714 0.1827 0.1615
 1.31 0.1691 0.1816 0.1610
 1.32 0.1669 0.1806 0.1604
 1.33 0.1647 0.1795 0.1599
 1.34 0.1626 0.1785 0.1594
 1.35 0.1604 0.1774 0.1588
 1.36 0.1582 0.1763 0.1583
 1.37 0.1561 0.1753 0.1578
 1.38 0.1539 0.1742 0.1572
 1.39 0.1518 0.1731 0.1567
 1.40 0.1497 0.1721 0.1561
 1.41 0.1476 0.1710 0.1556
 1.42 0.1456 0.1699 0.1550
 1.43 0.1435 0.1688 0.1545
 1.44 0.1415 0.1678 0.1539
 1.45 0.1394 0.1667 0.1534
 1.46 0.1374 0.1656 0.1528
 1.47 0.1354 0.1645 0.1523
 1.48 0.1334 0.1635 0.1517
 1.49 0.1315 0.1624 0.1511
 1.50 0.1295 0.1613 0.1506
 1.51 0.1276 0.1602 0.1500
 1.52 0.1257 0.1592 0.1494
 1.53 0.1238 0.1581 0.1489
 1.54 0.1219 0.1570 0.1483
 1.55 0.1200 0.1559 0.1477
 1.56 0.1182 0.1549 0.1472
 1.57 0.1163 0.1538 0.1466
 1.58 0.1145 0.1527 0.1460
 1.59 0.1127 0.1516 0.1454
 1.60 0.1109 0.1506 0.1448
 1.61 0.1092 0.1495 0.1443
 1.62 0.1074 0.1484 0.1437
 1.63 0.1057 0.1474 0.1431
 1.64 0.1040 0.1463 0.1425
 1.65 0.1023 0.1452 0.1419
 1.66 0.1006 0.1442 0.1413
 1.67 0.0989 0.1431 0.1408
 1.68 0.0973 0.1420 0.1402
 1.69 0.0957 0.1410 0.1396
 1.70 0.0940 0.1399 0.1390
 1.71 0.0925 0.1389 0.1384
 1.72 0.0909 0.1378 0.1378
 1.73 0.0893 0.1368 0.1372
 1.74 0.0878 0.1357 0.1366
 1.75 0.0863 0.1347 0.1360
 1.76 0.0848 0.1336 0.1354
 1.77 0.0833 0.1326 0.1348
 1.78 0.0818 0.1315 0.1342
 1.79 0.0804 0.1305 0.1336
 1.80 0.0790 0.1295 0.1330
 1.81 0.0775 0.1284 0.1324
 1.82 0.0761 0.1274 0.1318
 1.83 0.0748 0.1264 0.1312
 1.84 0.0734 0.1253 0.1306
 1.85 0.0721 0.1243 0.1300
 1.86 0.0707 0.1233 0.1294
 1.87 0.0694 0.1223 0.1288
 1.88 0.0681 0.1213 0.1282
 1.89 0.0669 0.1202 0.1276
 1.90 0.0656 0.1192 0.1270
 1.91 0.0644 0.1182 0.1264
 1.92 0.0632 0.1172 0.1258
 1.93 0.0620 0.1162 0.1252
 1.94 0.0608 0.1152 0.1246
 1.95 0.0596 0.1142 0.1240
 1.96 0.0584 0.1133 0.1234
 1.97 0.0573 0.1123 0.1228
 1.98 0.0562 0.1113 0.1222
 1.99 0.0551 0.1103 0.1216
 2.00 0.0540 0.1093 0.1210
 2.01 0.0529 0.1084 0.1204
 2.02 0.0519 0.1074 0.1198
 2.03 0.0508 0.1064 0.1192
 2.04 0.0498 0.1055 0.1186
 2.05 0.0488 0.1045 0.1180
 2.06 0.0478 0.1036 0.1174
 2.07 0.0468 0.1026 0.1168
 2.08 0.0459 0.1017 0.1161
 2.09 0.0449 0.1008 0.1155
 2.10 0.0440 0.0998 0.1149
 2.11 0.0431 0.0989 0.1143
 2.12 0.0422 0.0980 0.1137
 2.13 0.0413 0.0970 0.1131
 2.14 0.0404 0.0961 0.1125
 2.15 0.0396 0.0952 0.1119
 2.16 0.0387 0.0943 0.1113
 2.17 0.0379 0.0934 0.1107
 2.18 0.0371 0.0925 0.1101
 2.19 0.0363 0.0916 0.1095
 2.20 0.0355 0.0907 0.1089
 2.21 0.0347 0.0898 0.1083
 2.22 0.0339 0.0890 0.1077
 2.23 0.0332 0.0881 0.1071
 2.24 0.0325 0.0872 0.1065
 2.25 0.0317 0.0863 0.1059
 2.26 0.0310 0.0855 0.1053
 2.27 0.0303 0.0846 0.1047
 2.28 0.0297 0.0838 0.1042
 2.29 0.0290 0.0829 0.1036
 2.30 0.0283 0.0821 0.1030
 2.31 0.0277 0.0813 0.1024
 2.32 0.0270 0.0804 0.1018
 2.33 0.0264 0.0796 0.1012
 2.34 0.0258 0.0788 0.1006
 2.35 0.0252 0.0780 0.1000
 2.36 0.0246 0.0771 0.0994
 2.37 0.0241 0.0763 0.0988
 2.38 0.0235 0.0755 0.0983
 2.39 0.0229 0.0747 0.0977
 2.40 0.0224 0.0739 0.0971
 2.41 0.0219 0.0732 0.0965
 2.42 0.0213 0.0724 0.0959
 2.43 0.0208 0.0716 0.0954
 2.44 0.0203 0.0708 0.0948
 2.45 0.0198 0.0701 0.0942
 2.46 0.0194 0.0693 0.0936
 2.47 0.0189 0.0686 0.0930
 2.48 0.0184 0.0678 0.0925
 2.49 0.0180 0.0671 0.0919
 2.50 0.0175 0.0663 0.0913
 2.51 0.0171 0.0656 0.0908
 2.52 0.0167 0.0649 0.0902
 2.53 0.0163 0.0641 0.0896
 2.54 0.0158 0.0634 0.0891
 2.55 0.0154 0.0627 0.0885
 2.56 0.0151 0.0620 0.0879
 2.57 0.0147 0.0613 0.0874
 2.58 0.0143 0.0606 0.0868
 2.59 0.0139 0.0599 0.0862
 2.60 0.0136 0.0592 0.0857
 2.61 0.0132 0.0585 0.0851
 2.62 0.0129 0.0579 0.0846
 2.63 0.0126 0.0572 0.0840
 2.64 0.0122 0.0565 0.0835
 2.65 0.0119 0.0559 0.0829
 2.66 0.0116 0.0552 0.0824
 2.67 0.0113 0.0546 0.0818
 2.68 0.0110 0.0539 0.0813
 2.69 0.0107 0.0533 0.0807
 2.70 0.0104 0.0526 0.0802
 2.71 0.0101 0.0520 0.0797
 2.72 0.0099 0.0514 0.0791
 2.73 0.0096 0.0508 0.0786
 2.74 0.0093 0.0501 0.0780
 2.75 0.0091 0.0495 0.0775
 2.76 0.0088 0.0489 0.0770
 2.77 0.0086 0.0483 0.0764
 2.78 0.0084 0.0477 0.0759
 2.79 0.0081 0.0472 0.0754
 2.80 0.0079 0.0466 0.0749
 2.81 0.0077 0.0460 0.0743
 2.82 0.0075 0.0454 0.0738
 2.83 0.0073 0.0449 0.0733
 2.84 0.0071 0.0443 0.0728
 2.85 0.0069 0.0437 0.0723
 2.86 0.0067 0.0432 0.0718
 2.87 0.0065 0.0426 0.0712
 2.88 0.0063 0.0421 0.0707
 2.89 0.0061 0.0416 0.0702
 2.90 0.0060 0.0410 0.0697
 2.91 0.0058 0.0405 0.0692
 2.92 0.0056 0.0400 0.0687
 2.93 0.0055 0.0395 0.0682
 2.94 0.0053 0.0390 0.0677
 2.95 0.0051 0.0385 0.0672
 2.96 0.0050 0.0380 0.0667
 2.97 0.0048 0.0375 0.0662
 2.98 0.0047 0.0370 0.0657
 2.99 0.0046 0.0365 0.0652
 3.00 0.0044 0.0360 0.0648
 3.01 0.0043 0.0355 0.0643
 3.02 0.0042 0.0350 0.0638
 3.03 0.0040 0.0346 0.0633
 3.04 0.0039 0.0341 0.0628
 3.05 0.0038 0.0337 0.0624
 3.06 0.0037 0.0332 0.0619
 3.07 0.0036 0.0328 0.0614
 3.08 0.0035 0.0323 0.0609
 3.09 0.0034 0.0319 0.0605
 3.10 0.0033 0.0314 0.0600
 3.11 0.0032 0.0310 0.0595
 3.12 0.0031 0.0306 0.0591
 3.13 0.0030 0.0302 0.0586
 3.14 0.0029 0.0297 0.0582
 3.15 0.0028 0.0293 0.0577
 3.16 0.0027 0.0289 0.0573
 3.17 0.0026 0.0285 0.0568
 3.18 0.0025 0.0281 0.0564
 3.19 0.0025 0.0277 0.0559
 3.20 0.0024 0.0273 0.0555
 3.21 0.0023 0.0269 0.0550
 3.22 0.0022 0.0266 0.0546
 3.23 0.0022 0.0262 0.0541
 3.24 0.0021 0.0258 0.0537
 3.25 0.0020 0.0254 0.0533
 3.26 0.0020 0.0251 0.0528
 3.27 0.0019 0.0247 0.0524
 3.28 0.0018 0.0244 0.0520
 3.29 0.0018 0.0240 0.0516
 3.30 0.0017 0.0236 0.0511
 3.31 0.0017 0.0233 0.0507
 3.32 0.0016 0.0230 0.0503
 3.33 0.0016 0.0226 0.0499
 3.34 0.0015 0.0223 0.0495
 3.35 0.0015 0.0220 0.0491
 3.36 0.0014 0.0216 0.0486
 3.37 0.0014 0.0213 0.0482
 3.38 0.0013 0.0210 0.0478
 3.39 0.0013 0.0207 0.0474
 3.40 0.0012 0.0204 0.0470
 3.41 0.0012 0.0201 0.0466
 3.42 0.0012 0.0198 0.0462
 3.43 0.0011 0.0195 0.0458
 3.44 0.0011 0.0192 0.0454
 3.45 0.0010 0.0189 0.0451
 3.46 0.0010 0.0186 0.0447
 3.47 0.0010 0.0183 0.0443
 3.48 0.0009 0.0180 0.0439
 3.49 0.0009 0.0178 0.0435
 3.50 0.0009 0.0175 0.0431
 3.51 0.0008 0.0172 0.0428
 3.52 0.0008 0.0169 0.0424
 3.53 0.0008 0.0167 0.0420
 3.54 0.0008 0.0164 0.0416
 3.55 0.0007 0.0162 0.0413
 3.56 0.0007 0.0159 0.0409
 3.57 0.0007 0.0157 0.0406
 3.58 0.0007 0.0154 0.0402
 3.59 0.0006 0.0152 0.0398
 3.60 0.0006 0.0149 0.0395
 3.61 0.0006 0.0147 0.0391
 3.62 0.0006 0.0145 0.0388
 3.63 0.0005 0.0142 0.0384
 3.64 0.0005 0.0140 0.0381
 3.65 0.0005 0.0138 0.0377
 3.66 0.0005 0.0136 0.0374
 3.67 0.0005 0.0133 0.0370
 3.68 0.0005 0.0131 0.0367
 3.69 0.0004 0.0129 0.0364
 3.70 0.0004 0.0127 0.0360
 3.71 0.0004 0.0125 0.0357
 3.72 0.0004 0.0123 0.0354
 3.73 0.0004 0.0121 0.0350
 3.74 0.0004 0.0119 0.0347
 3.75 0.0004 0.0117 0.0344
 3.76 0.0003 0.0115 0.0341
 3.77 0.0003 0.0113 0.0338
 3.78 0.0003 0.0111 0.0334
 3.79 0.0003 0.0109 0.0331
 3.80 0.0003 0.0107 0.0328
 3.81 0.0003 0.0106 0.0325
 3.82 0.0003 0.0104 0.0322
 3.83 0.0003 0.0102 0.0319
 3.84 0.0003 0.0100 0.0316
 3.85 0.0002 0.0099 0.0313
 3.86 0.0002 0.0097 0.0310
 3.87 0.0002 0.0095 0.0307
 3.88 0.0002 0.0094 0.0304
 3.89 0.0002 0.0092 0.0301
 3.90 0.0002 0.0091 0.0298
 3.91 0.0002 0.0089 0.0295
 3.92 0.0002 0.0087 0.0292
 3.93 0.0002 0.0086 0.0289
 3.94 0.0002 0.0084 0.0287
 3.95 0.0002 0.0083 0.0284
 3.96 0.0002 0.0082 0.0281
 3.97 0.0002 0.0080 0.0278
 3.98 0.0001 0.0079 0.0275
 3.99 0.0001 0.0077 0.0273
 4.00 0.0001 0.0076 0.0270
 4.01 0.0001 0.0075 0.0267
 4.02 0.0001 0.0073 0.0265
 4.03 0.0001 0.0072 0.0262
 4.04 0.0001 0.0071 0.0259
 4.05 0.0001 0.0069 0.0257
 4.06 0.0001 0.0068 0.0254
 4.07 0.0001 0.0067 0.0252
 4.08 0.0001 0.0066 0.0249
 4.09 0.0001 0.0065 0.0246
 4.10 0.0001 0.0063 0.0244
 4.11 0.0001 0.0062 0.0241
 4.12 0.0001 0.0061 0.0239
 4.13 0.0001 0.0060 0.0237
 4.14 0.0001 0.0059 0.0234
 4.15 0.0001 0.0058 0.0232
 4.16 0.0001 0.0057 0.0229
 4.17 0.0001 0.0056 0.0227
 4.18 0.0001 0.0055 0.0225
 4.19 0.0001 0.0054 0.0222
 4.20 0.0001 0.0053 0.0220
 4.21 0.0001 0.0052 0.0218
 4.22 0.0001 0.0051 0.0215
 4.23 0.0001 0.0050 0.0213
 4.24 0.0000 0.0049 0.0211
 4.25 0.0000 0.0048 0.0209
 4.26 0.0000 0.0047 0.0206
 4.27 0.0000 0.0046 0.0204
 4.28 0.0000 0.0045 0.0202
 4.29 0.0000 0.0045 0.0200
 4.30 0.0000 0.0044 0.0198
 4.31 0.0000 0.0043 0.0196
 4.32 0.0000 0.0042 0.0194
 4.33 0.0000 0.0041 0.0191
 4.34 0.0000 0.0040 0.0189
 4.35 0.0000 0.0040 0.0187
 4.36 0.0000 0.0039 0.0185
 4.37 0.0000 0.0038 0.0183
 4.38 0.0000 0.0037 0.0181
 4.39 0.0000 0.0037 0.0179
 4.40 0.0000 0.0036 0.0177
 4.41 0.0000 0.0035 0.0175
 4.42 0.0000 0.0035 0.0174
 4.43 0.0000 0.0034 0.0172
 4.44 0.0000 0.0033 0.0170
 4.45 0.0000 0.0033 0.0168
 4.46 0.0000 0.0032 0.0166
 4.47 0.0000 0.0031 0.0164
 4.48 0.0000 0.0031 0.0162
 4.49 0.0000 0.0030 0.0160
 4.50 0.0000 0.0030 0.0159
 4.51 0.0000 0.0029 0.0157
 4.52 0.0000 0.0028 0.0155
 4.53 0.0000 0.0028 0.0153
 4.54 0.0000 0.0027 0.0152
 4.55 0.0000 0.0027 0.0150
 4.56 0.0000 0.0026 0.0148
 4.57 0.0000 0.0026 0.0147
 4.58 0.0000 0.0025 0.0145
 4.59 0.0000 0.0025 0.0143
 4.60 0.0000 0.0024 0.0142
 4.61 0.0000 0.0024 0.0140
 4.62 0.0000 0.0023 0.0138
 4.63 0.0000 0.0023 0.0137
 4.64 0.0000 0.0022 0.0135
 4.65 0.0000 0.0022 0.0134
 4.66 0.0000 0.0021 0.0132
 4.67 0.0000 0.0021 0.0131
 4.68 0.0000 0.0020 0.0129
 4.69 0.0000 0.0020 0.0128
 4.70 0.0000 0.0020 0.0126
 4.71 0.0000 0.0019 0.0125
 4.72 0.0000 0.0019 0.0123
 4.73 0.0000 0.0018 0.0122
 4.74 0.0000 0.0018 0.0120
 4.75 0.0000 0.0018 0.0119
 4.76 0.0000 0.0017 0.0117
 4.77 0.0000 0.0017 0.0116
 4.78 0.0000 0.0017 0.0115
 4.79 0.0000 0.0016 0.0113
 4.80 0.0000 0.0016 0.0112
 4.81 0.0000 0.0016 0.0111
 4.82 0.0000 0.0015 0.0109
 4.83 0.0000 0.0015 0.0108
 4.84 0.0000 0.0015 0.0107
 4.85 0.0000 0.0014 0.0105
 4.86 0.0000 0.0014 0.0104
 4.87 0.0000 0.0014 0.0103
 4.88 0.0000 0.0013 0.0102
 4.89 0.0000 0.0013 0.0100
 4.90 0.0000 0.0013 0.0099
 4.91 0.0000 0.0013 0.0098
 4.92 0.0000 0.0012 0.0097
 4.93 0.0000 0.0012 0.0096
 4.94 0.0000 0.0012 0.0094
 4.95 0.0000 0.0011 0.0093
 4.96 0.0000 0.0011 0.0092
 4.97 0.0000 0.0011 0.0091
 4.98 0.0000 0.0011 0.0090
 4.99 0.0000 0.0011 0.0089
 5.00 0.0000 0.0010 0.0088
