  0.250 15422.33559 -8692.04152 6730.29407
  0.251 15149.20179 -8630.05470 6519.14710
  0.252 14881.99729 -8568.82950 6313.16779
  0.253 14620.57086 -8508.35403 6112.21684
  0.254 14364.77575 -8448.61662 5916.15913
  0.255 14114.46945 -8389.60584 5724.86361
  0.256 13869.51363 -8331.31048 5538.20315
  0.257 13629.77395 -8273.71954 5356.05441
  0.258 13395.11998 -8216.82224 5178.29773
  0.259 13165.42499 -8160.60801 5004.81698
  0.260 12940.56594 -8105.06648 4835.49946
  0.261 12720.42326 -8050.18749 4670.23577
  0.262 12504.88080 -7995.96105 4508.91975
  0.263 12293.82570 -7942.37738 4351.44832
  0.264 12087.14827 -7889.42688 4197.72139
  0.265 11884.74193 -7837.10014 4047.64179
  0.266 11686.50306 -7785.38791 3901.11515
  0.267 11492.33096 -7734.28112 3758.04984
  0.268 11302.12771 -7683.77089 3618.35682
  0.269 11115.79810 -7633.84848 3481.94963
  0.270 10933.24957 -7584.50531 3348.74427
  0.271 10754.39209 -7535.73298 3218.65911
  0.272 10579.13809 -7487.52323 3091.61487
  0.273 10407.40241 -7439.86796 2967.53446
  0.274 10239.10220 -7392.75920 2846.34300
  0.275 10074.15685 -7346.18916 2727.96769
  0.276 9912.48793 -7300.15017 2612.33777
  0.277 9754.01912 -7254.63468 2499.38444
  0.278 9598.67616 -7209.63531 2389.04085
  0.279 9446.38675 -7165.14480 2281.24195
  0.280 9297.08054 -7121.15602 2175.92452
  0.281 9150.68902 -7077.66196 2073.02706
  0.282 9007.14552 -7034.65574 1972.48978
  0.283 8866.38512 -6992.13062 1874.25450
  0.284 8728.34458 -6950.07994 1778.26463
  0.285 8592.96234 -6908.49720 1684.46514
  0.286 8460.17844 -6867.37598 1592.80245
  0.287 8329.93448 -6826.71000 1503.22447
  0.288 8202.17356 -6786.49307 1415.68049
  0.289 8076.84027 -6746.71911 1330.12115
  0.290 7953.88060 -6707.38216 1246.49843
  0.291 7833.24194 -6668.47635 1164.76559
  0.292 7714.87302 -6629.99590 1084.87712
  0.293 7598.72389 -6591.93516 1006.78873
  0.294 7484.74584 -6554.28856  930.45728
  0.295 7372.89140 -6517.05061  855.84079
  0.296 7263.11432 -6480.21594  782.89838
  0.297 7155.36948 -6443.77926  711.59023
  0.298 7049.61292 -6407.73536  641.87756
  0.299 6945.80174 -6372.07914  573.72260
  0.300 6843.89414 -6336.80556  507.08858
  0.301 6743.84934 -6301.90968  441.93966
  0.302 6645.62758 -6267.38664  378.24094
  0.303 6549.19006 -6233.23166  315.95840
  0.304 6454.49896 -6199.44005  255.05891
  0.305 6361.51735 -6166.00717  195.51018
  0.306 6270.20924 -6132.92848  137.28076
  0.307 6180.53948 -6100.19951   80.33997
  0.308 6092.47380 -6067.81586   24.65793
  0.309 6005.97873 -6035.77321  -29.79448
  0.310 5921.02164 -6004.06729  -83.04565
  0.311 5837.57066 -5972.69393 -135.12327
  0.312 5755.59468 -5941.64900 -186.05432
  0.313 5675.06334 -5910.92845 -235.86510
  0.314 5595.94702 -5880.52829 -284.58127
  0.315 5518.21676 -5850.44460 -332.22784
  0.316 5441.84433 -5820.67352 -378.82919
  0.317 5366.80214 -5791.21126 -424.40912
  0.318 5293.06324 -5762.05406 -468.99083
  0.319 5220.60133 -5733.19827 -512.59694
  0.320 5149.39072 -5704.64024 -555.24952
  0.321 5079.40632 -5676.37643 -596.97011
  0.322 5010.62361 -5648.40333 -637.77971
  0.323 4943.01865 -5620.71748 -677.69882
  0.324 4876.56805 -5593.31548 -716.74743
  0.325 4811.24894 -5566.19399 -754.94505
  0.326 4747.03901 -5539.34972 -792.31072
  0.327 4683.91642 -5512.77943 -828.86301
  0.328 4621.85987 -5486.47993 -864.62006
  0.329 4560.84850 -5460.44807 -899.59957
  0.330 4500.86195 -5434.68076 -933.81881
  0.331 4441.88032 -5409.17496 -967.29464
  0.332 4383.88415 -5383.92766 -1000.04351
  0.333 4326.85442 -5358.93592 -1032.08150
  0.334 4270.77253 -5334.19683 -1063.42429
  0.335 4215.62031 -5309.70751 -1094.08720
  0.336 4161.37998 -5285.46517 -1124.08518
  0.337 4108.03416 -5261.46700 -1153.43284
  0.338 4055.56586 -5237.71029 -1182.14443
  0.339 4003.95845 -5214.19234 -1210.23389
  0.340 3953.19569 -5190.91049 -1237.71480
  0.341 3903.26167 -5167.86212 -1264.60046
  0.342 3854.14084 -5145.04468 -1290.90383
  0.343 3805.81801 -5122.45561 -1316.63760
  0.344 3758.27828 -5100.09243 -1341.81415
  0.345 3711.50711 -5077.95266 -1366.44556
  0.346 3665.49024 -5056.03389 -1390.54365
  0.347 3620.21376 -5034.33373 -1414.11997
  0.348 3575.66403 -5012.84983 -1437.18580
  0.349 3531.82770 -4991.57986 -1459.75215
  0.350 3488.69173 -4970.52154 -1481.82981
  0.351 3446.24334 -4949.67263 -1503.42929
  0.352 3404.47002 -4929.03089 -1524.56087
  0.353 3363.35954 -4908.59416 -1545.23462
  0.354 3322.89991 -4888.36026 -1565.46035
  0.355 3283.07943 -4868.32709 -1585.24767
  0.356 3243.88659 -4848.49255 -1604.60596
  0.357 3205.31018 -4828.85459 -1623.54441
  0.358 3167.33918 -4809.41115 -1642.07197
  0.359 3129.96283 -4790.16026 -1660.19743
  0.360 3093.17058 -4771.09993 -1677.92935
  0.361 3056.95211 -4752.22822 -1695.27611
  0.362 3021.29729 -4733.54321 -1712.24591
  0.363 2986.19624 -4715.04301 -1728.84677
  0.364 2951.63924 -4696.72577 -1745.08652
  0.365 2917.61681 -4678.58964 -1760.97283
  0.366 2884.11963 -4660.63281 -1776.51318
  0.367 2851.13860 -4642.85351 -1791.71491
  0.368 2818.66478 -4625.24998 -1806.58519
  0.369 2786.68944 -4607.82047 -1821.13103
  0.370 2755.20401 -4590.56329 -1835.35928
  0.371 2724.20008 -4573.47674 -1849.27666
  0.372 2693.66945 -4556.55917 -1862.88972
  0.373 2663.60405 -4539.80894 -1876.20489
  0.374 2633.99600 -4523.22444 -1889.22844
  0.375 2604.83754 -4506.80407 -1901.96652
  0.376 2576.12112 -4490.54626 -1914.42515
  0.377 2547.83928 -4474.44947 -1926.61019
  0.378 2519.98477 -4458.51217 -1938.52741
  0.379 2492.55043 -4442.73286 -1950.18243
  0.380 2465.52928 -4427.11005 -1961.58077
  0.381 2438.91446 -4411.64228 -1972.72782
  0.382 2412.69925 -4396.32811 -1983.62886
  0.383 2386.87708 -4381.16612 -1994.28904
  0.384 2361.44147 -4366.15489 -2004.71343
  0.385 2336.38610 -4351.29306 -2014.90696
  0.386 2311.70477 -4336.57926 -2024.87449
  0.387 2287.39138 -4322.01213 -2034.62075
  0.388 2263.43999 -4307.59036 -2044.15037
  0.389 2239.84473 -4293.31264 -2053.46791
  0.390 2216.59988 -4279.17767 -2062.57780
  0.391 2193.69980 -4265.18419 -2071.48439
  0.392 2171.13899 -4251.33094 -2080.19195
  0.393 2148.91203 -4237.61667 -2088.70464
  0.394 2127.01363 -4224.04018 -2097.02655
  0.395 2105.43858 -4210.60026 -2105.16168
  0.396 2084.18177 -4197.29572 -2113.11394
  0.397 2063.23822 -4184.12538 -2120.88716
  0.398 2042.60300 -4171.08810 -2128.48510
  0.399 2022.27131 -4158.18274 -2135.91143
  0.400 2002.23842 -4145.40816 -2143.16975
  0.401 1982.49970 -4132.76327 -2150.26358
  0.402 1963.05060 -4120.24697 -2157.19637
  0.403 1943.88668 -4107.85819 -2163.97151
  0.404 1925.00355 -4095.59585 -2170.59230
  0.405 1906.39693 -4083.45891 -2177.06199
  0.406 1888.06260 -4071.44634 -2183.38374
  0.407 1869.99644 -4059.55712 -2189.56068
  0.408 1852.19439 -4047.79023 -2195.59584
  0.409 1834.65248 -4036.14470 -2201.49221
  0.410 1817.36681 -4024.61953 -2207.25272
  0.411 1800.33354 -4013.21376 -2212.88022
  0.412 1783.54893 -4001.92644 -2218.37751
  0.413 1767.00927 -3990.75663 -2223.74736
  0.414 1750.71097 -3979.70341 -2228.99244
  0.415 1734.65046 -3968.76585 -2234.11539
  0.416 1718.82427 -3957.94307 -2239.11880
  0.417 1703.22897 -3947.23416 -2244.00519
  0.418 1687.86120 -3936.63825 -2248.77705
  0.419 1672.71768 -3926.15448 -2253.43681
  0.420 1657.79517 -3915.78200 -2257.98683
  0.421 1643.09049 -3905.51996 -2262.42946
  0.422 1628.60054 -3895.36753 -2266.76698
  0.423 1614.32226 -3885.32389 -2271.00163
  0.424 1600.25265 -3875.38824 -2275.13559
  0.425 1586.38875 -3865.55978 -2279.17103
  0.426 1572.72769 -3855.83773 -2283.11004
  0.427 1559.26662 -3846.22130 -2286.95468
  0.428 1546.00276 -3836.70974 -2290.70698
  0.429 1532.93337 -3827.30230 -2294.36893
  0.430 1520.05577 -3817.99823 -2297.94245
  0.431 1507.36733 -3808.79680 -2301.42946
  0.432 1494.86546 -3799.69728 -2304.83182
  0.433 1482.54761 -3790.69896 -2308.15135
  0.434 1470.41131 -3781.80115 -2311.38985
  0.435 1458.45409 -3773.00315 -2314.54906
  0.436 1446.67356 -3764.30427 -2317.63071
  0.437 1435.06736 -3755.70384 -2320.63648
  0.438 1423.63317 -3747.20120 -2323.56803
  0.439 1412.36873 -3738.79570 -2326.42697
  0.440 1401.27180 -3730.48669 -2329.21489
  0.441 1390.34019 -3722.27352 -2331.93333
  0.442 1379.57175 -3714.15558 -2334.58383
  0.443 1368.96437 -3706.13225 -2337.16788
  0.444 1358.51598 -3698.20291 -2339.68693
  0.445 1348.22455 -3690.36697 -2342.14242
  0.446 1338.08807 -3682.62383 -2344.53576
  0.447 1328.10459 -3674.97291 -2346.86833
  0.448 1318.27218 -3667.41364 -2349.14146
  0.449 1308.58895 -3659.94544 -2351.35648
  0.450 1299.05306 -3652.56776 -2353.51470
  0.451 1289.66267 -3645.28004 -2355.61737
  0.452 1280.41601 -3638.08175 -2357.66574
  0.453 1271.31131 -3630.97234 -2359.66103
  0.454 1262.34687 -3623.95130 -2361.60443
  0.455 1253.52098 -3617.01810 -2363.49712
  0.456 1244.83199 -3610.17223 -2365.34024
  0.457 1236.27827 -3603.41319 -2367.13491
  0.458 1227.85823 -3596.74047 -2368.88224
  0.459 1219.57030 -3590.15360 -2370.58330
  0.460 1211.41293 -3583.65209 -2372.23916
  0.461 1203.38462 -3577.23546 -2373.85083
  0.462 1195.48389 -3570.90324 -2375.41935
  0.463 1187.70928 -3564.65499 -2376.94570
  0.464 1180.05937 -3558.49023 -2378.43086
  0.465 1172.53275 -3552.40854 -2379.87578
  0.466 1165.12806 -3546.40946 -2381.28140
  0.467 1157.84395 -3540.49257 -2382.64862
  0.468 1150.67909 -3534.65744 -2383.97836
  0.469 1143.63219 -3528.90366 -2385.27147
  0.470 1136.70197 -3523.23080 -2386.52883
  0.471 1129.88719 -3517.63846 -2387.75127
  0.472 1123.18663 -3512.12625 -2388.93962
  0.473 1116.59909 -3506.69378 -2390.09469
  0.474 1110.12339 -3501.34065 -2391.21726
  0.475 1103.75837 -3496.06648 -2392.30811
  0.476 1097.50291 -3490.87091 -2393.36800
  0.477 1091.35589 -3485.75356 -2394.39767
  0.478 1085.31624 -3480.71408 -2395.39784
  0.479 1079.38288 -3475.75211 -2396.36923
  0.480 1073.55478 -3470.86730 -2397.31252
  0.481 1067.83090 -3466.05930 -2398.22840
  0.482 1062.21024 -3461.32779 -2399.11754
  0.483 1056.69184 -3456.67242 -2399.98058
  0.484 1051.27471 -3452.09288 -2400.81817
  0.485 1045.95792 -3447.58884 -2401.63092
  0.486 1040.74056 -3443.15999 -2402.41944
  0.487 1035.62170 -3438.80603 -2403.18433
  0.488 1030.60048 -3434.52665 -2403.92617
  0.489 1025.67602 -3430.32155 -2404.64553
  0.490 1020.84747 -3426.19044 -2405.34297
  0.491 1016.11402 -3422.13305 -2406.01903
  0.492 1011.47484 -3418.14908 -2406.67423
  0.493 1006.92915 -3414.23826 -2407.30911
  0.494 1002.47616 -3410.40033 -2407.92416
  0.495  998.11512 -3406.63501 -2408.51989
  0.496  993.84529 -3402.94206 -2409.09677
  0.497  989.66595 -3399.32122 -2409.65527
  0.498  985.57638 -3395.77224 -2410.19586
  0.499  981.57589 -3392.29487 -2410.71898
  0.500  977.66382 -3388.88889 -2411.22507
  0.501  973.83949 -3385.55405 -2411.71456
  0.502  970.10227 -3382.29014 -2412.18787
  0.503  966.45153 -3379.09693 -2412.64540
  0.504  962.88666 -3375.97420 -2413.08754
  0.505  959.40706 -3372.92174 -2413.51468
  0.506  956.01215 -3369.93934 -2413.92719
  0.507  952.70136 -3367.02680 -2414.32545
  0.508  949.47414 -3364.18393 -2414.70979
  0.509  946.32996 -3361.41054 -2415.08058
  0.510  943.26829 -3358.70642 -2415.43813
  0.511  940.28863 -3356.07141 -2415.78279
  0.512  937.39047 -3353.50533 -2416.11485
  0.513  934.57335 -3351.00799 -2416.43464
  0.514  931.83680 -3348.57925 -2416.74245
  0.515  929.18036 -3346.21892 -2417.03856
  0.516  926.60360 -3343.92686 -2417.32326
  0.517  924.10609 -3341.70290 -2417.59681
  0.518  921.68743 -3339.54691 -2417.85948
  0.519  919.34721 -3337.45873 -2418.11152
  0.520  917.08506 -3335.43823 -2418.35317
  0.521  914.90060 -3333.48527 -2418.58467
  0.522  912.79347 -3331.59972 -2418.80625
  0.523  910.76333 -3329.78145 -2419.01812
  0.524  908.80985 -3328.03035 -2419.22050
  0.525  906.93271 -3326.34629 -2419.41359
  0.526  905.13160 -3324.72917 -2419.59757
  0.527  903.40623 -3323.17887 -2419.77264
  0.528  901.75632 -3321.69530 -2419.93898
  0.529  900.18161 -3320.27835 -2420.09675
  0.530  898.68183 -3318.92794 -2420.24611
  0.531  897.25674 -3317.64396 -2420.38722
  0.532  895.90611 -3316.42634 -2420.52023
  0.533  894.62972 -3315.27499 -2420.64527
  0.534  893.42737 -3314.18985 -2420.76247
  0.535  892.29886 -3313.17082 -2420.87196
  0.536  891.24401 -3312.21786 -2420.97385
  0.537  890.26264 -3311.33089 -2421.06825
  0.538  889.35460 -3310.50986 -2421.15526
  0.539  888.51974 -3309.75471 -2421.23497
  0.540  887.75793 -3309.06540 -2421.30746
  0.541  887.06904 -3308.44187 -2421.37282
  0.542  886.45297 -3307.88408 -2421.43111
  0.543  885.90961 -3307.39201 -2421.48240
  0.544  885.43887 -3306.96561 -2421.52674
  0.545  885.04068 -3306.60485 -2421.56417
  0.546  884.71498 -3306.30972 -2421.59474
  0.547  884.46171 -3306.08020 -2421.61849
  0.548  884.28083 -3305.91627 -2421.63543
  0.549  884.17232 -3305.81791 -2421.64559
  0.550  884.13615 -3305.78512 -2421.64897
  0.551  884.17232 -3305.81791 -2421.64559
  0.552  884.28083 -3305.91627 -2421.63543
  0.553  884.46171 -3306.08020 -2421.61849
  0.554  884.71498 -3306.30972 -2421.59474
  0.555  885.04068 -3306.60485 -2421.56417
  0.556  885.43887 -3306.96561 -2421.52674
  0.557  885.90961 -3307.39201 -2421.48240
  0.558  886.45297 -3307.88408 -2421.43111
  0.559  887.06904 -3308.44187 -2421.37282
  0.560  887.75793 -3309.06540 -2421.30746
  0.561  888.51974 -3309.75471 -2421.23497
  0.562  889.35460 -3310.50986 -2421.15526
  0.563  890.26264 -3311.33089 -2421.06825
  0.564  891.24401 -3312.21786 -2420.97385
  0.565  892.29886 -3313.17082 -2420.87196
  0.566  893.42737 -3314.18985 -2420.76247
  0.567  894.62972 -3315.27499 -2420.64527
  0.568  895.90611 -3316.42634 -2420.52023
  0.569  897.25674 -3317.64396 -2420.38722
  0.570  898.68183 -3318.92794 -2420.24611
  0.571  900.18161 -3320.27835 -2420.09675
  0.572  901.75632 -3321.69530 -2419.93898
  0.573  903.40623 -3323.17887 -2419.77264
  0.574  905.13160 -3324.72917 -2419.59757
  0.575  906.93271 -3326.34629 -2419.41359
  0.576  908.80985 -3328.03035 -2419.22050
  0.577  910.76333 -3329.78145 -2419.01812
  0.578  912.79347 -3331.59972 -2418.80625
  0.579  914.90060 -3333.48527 -2418.58467
  0.580  917.08506 -3335.43823 -2418.35317
  0.581  919.34721 -3337.45873 -2418.11152
  0.582  921.68743 -3339.54691 -2417.85948
  0.583  924.10609 -3341.70290 -2417.59681
  0.584  926.60360 -3343.92686 -2417.32326
  0.585  929.18036 -3346.21892 -2417.03856
  0.586  931.83680 -3348.57925 -2416.74245
  0.587  934.57335 -3351.00799 -2416.43464
  0.588  937.39047 -3353.50533 -2416.11485
  0.589  940.28863 -3356.07141 -2415.78279
  0.590  943.26829 -3358.70642 -2415.43813
  0.591  946.32996 -3361.41054 -2415.08058
  0.592  949.47414 -3364.18393 -2414.70979
  0.593  952.70136 -3367.02680 -2414.32545
  0.594  956.01215 -3369.93934 -2413.92719
  0.595  959.40706 -3372.92174 -2413.51468
  0.596  962.88666 -3375.97420 -2413.08754
  0.597  966.45153 -3379.09693 -2412.64540
  0.598  970.10227 -3382.29014 -2412.18787
  0.599  973.83949 -3385.55405 -2411.71456
  0.600  977.66382 -3388.88889 -2411.22507
  0.601  981.57589 -3392.29487 -2410.71898
  0.602  985.57638 -3395.77224 -2410.19586
  0.603  989.66595 -3399.32122 -2409.65527
  0.604  993.84529 -3402.94206 -2409.09677
  0.605  998.11512 -3406.63501 -2408.51989
  0.606 1002.47616 -3410.40033 -2407.92416
  0.607 1006.92915 -3414.23826 -2407.30911
  0.608 1011.47484 -3418.14908 -2406.67423
  0.609 1016.11402 -3422.13305 -2406.01903
  0.610 1020.84747 -3426.19044 -2405.34297
  0.611 1025.67602 -3430.32155 -2404.64553
  0.612 1030.60048 -3434.52665 -2403.92617
  0.613 1035.62170 -3438.80603 -2403.18433
  0.614 1040.74056 -3443.15999 -2402.41944
  0.615 1045.95792 -3447.58884 -2401.63092
  0.616 1051.27471 -3452.09288 -2400.81817
  0.617 1056.69184 -3456.67242 -2399.98058
  0.618 1062.21024 -3461.32779 -2399.11754
  0.619 1067.83090 -3466.05930 -2398.22840
  0.620 1073.55478 -3470.86730 -2397.31252
  0.621 1079.38288 -3475.75211 -2396.36923
  0.622 1085.31624 -3480.71408 -2395.39784
  0.623 1091.35589 -3485.75356 -2394.39767
  0.624 1097.50291 -3490.87091 -2393.36800
  0.625 1103.75837 -3496.06648 -2392.30811
  0.626 1110.12339 -3501.34065 -2391.21726
  0.627 1116.59909 -3506.69378 -2390.09469
  0.628 1123.18663 -3512.12625 -2388.93962
  0.629 1129.88719 -3517.63846 -2387.75127
  0.630 1136.70197 -3523.23080 -2386.52883
  0.631 1143.63219 -3528.90366 -2385.27147
  0.632 1150.67909 -3534.65744 -2383.97836
  0.633 1157.84395 -3540.49257 -2382.64862
  0.634 1165.12806 -3546.40946 -2381.28140
  0.635 1172.53275 -3552.40854 -2379.87578
  0.636 1180.05937 -3558.49023 -2378.43086
  0.637 1187.70928 -3564.65499 -2376.94570
  0.638 1195.48389 -3570.90324 -2375.41935
  0.639 1203.38462 -3577.23546 -2373.85083
  0.640 1211.41293 -3583.65209 -2372.23916
  0.641 1219.57030 -3590.15360 -2370.58330
  0.642 1227.85823 -3596.74047 -2368.88224
  0.643 1236.27827 -3603.41319 -2367.13491
  0.644 1244.83199 -3610.17223 -2365.34024
  0.645 1253.52098 -3617.01810 -2363.49712
  0.646 1262.34687 -3623.95130 -2361.60443
  0.647 1271.31131 -3630.97234 -2359.66103
  0.648 1280.41601 -3638.08175 -2357.66574
  0.649 1289.66267 -3645.28004 -2355.61737
  0.650 1299.05306 -3652.56776 -2353.51470
  0.651 1308.58895 -3659.94544 -2351.35648
  0.652 1318.27218 -3667.41364 -2349.14146
  0.653 1328.10459 -3674.97291 -2346.86833
  0.654 1338.08807 -3682.62383 -2344.53576
  0.655 1348.22455 -3690.36697 -2342.14242
  0.656 1358.51598 -3698.20291 -2339.68693
  0.657 1368.96437 -3706.13225 -2337.16788
  0.658 1379.57175 -3714.15558 -2334.58383
  0.659 1390.34019 -3722.27352 -2331.93333
  0.660 1401.27180 -3730.48669 -2329.21489
  0.661 1412.36873 -3738.79570 -2326.42697
  0.662 1423.63317 -3747.20120 -2323.56803
  0.663 1435.06736 -3755.70384 -2320.63648
  0.664 1446.67356 -3764.30427 -2317.63071
  0.665 1458.45409 -3773.00315 -2314.54906
  0.666 1470.41131 -3781.80115 -2311.38985
  0.667 1482.54761 -3790.69896 -2308.15135
  0.668 1494.86546 -3799.69728 -2304.83182
  0.669 1507.36733 -3808.79680 -2301.42946
  0.670 1520.05577 -3817.99823 -2297.94245
  0.671 1532.93337 -3827.30230 -2294.36893
  0.672 1546.00276 -3836.70974 -2290.70698
  0.673 1559.26662 -3846.22130 -2286.95468
  0.674 1572.72769 -3855.83773 -2283.11004
  0.675 1586.38875 -3865.55978 -2279.17103
  0.676 1600.25265 -3875.38824 -2275.13559
  0.677 1614.32226 -3885.32389 -2271.00163
  0.678 1628.60054 -3895.36753 -2266.76698
  0.679 1643.09049 -3905.51996 -2262.42946
  0.680 1657.79517 -3915.78200 -2257.98683
  0.681 1672.71768 -3926.15448 -2253.43681
  0.682 1687.86120 -3936.63825 -2248.77705
  0.683 1703.22897 -3947.23416 -2244.00519
  0.684 1718.82427 -3957.94307 -2239.11880
  0.685 1734.65046 -3968.76585 -2234.11539
  0.686 1750.71097 -3979.70341 -2228.99244
  0.687 1767.00927 -3990.75663 -2223.74736
  0.688 1783.54893 -4001.92644 -2218.37751
  0.689 1800.33354 -4013.21376 -2212.88022
  0.690 1817.36681 -4024.61953 -2207.25272
  0.691 1834.65248 -4036.14470 -2201.49221
  0.692 1852.19439 -4047.79023 -2195.59584
  0.693 1869.99644 -4059.55712 -2189.56068
  0.694 1888.06260 -4071.44634 -2183.38374
  0.695 1906.39693 -4083.45891 -2177.06199
  0.696 1925.00355 -4095.59585 -2170.59230
  0.697 1943.88668 -4107.85819 -2163.97151
  0.698 1963.05060 -4120.24697 -2157.19637
  0.699 1982.49970 -4132.76327 -2150.26358
  0.700 2002.23842 -4145.40816 -2143.16975
  0.701 2022.27131 -4158.18274 -2135.91143
  0.702 2042.60300 -4171.08810 -2128.48510
  0.703 2063.23822 -4184.12538 -2120.88716
  0.704 2084.18177 -4197.29572 -2113.11394
  0.705 2105.43858 -4210.60026 -2105.16168
  0.706 2127.01363 -4224.04018 -2097.02655
  0.707 2148.91203 -4237.61667 -2088.70464
  0.708 2171.13899 -4251.33094 -2080.19195
  0.709 2193.69980 -4265.18419 -2071.48439
  0.710 2216.59988 -4279.17767 -2062.57780
  0.711 2239.84473 -4293.31264 -2053.46791
  0.712 2263.43999 -4307.59036 -2044.15037
  0.713 2287.39138 -4322.01213 -2034.62075
  0.714 2311.70477 -4336.57926 -2024.87449
  0.715 2336.38610 -4351.29306 -2014.90696
  0.716 2361.44147 -4366.15489 -2004.71343
  0.717 2386.87708 -4381.16612 -1994.28904
  0.718 2412.69925 -4396.32811 -1983.62886
  0.719 2438.91446 -4411.64228 -1972.72782
  0.720 2465.52928 -4427.11005 -1961.58077
  0.721 2492.55043 -4442.73286 -1950.18243
  0.722 2519.98477 -4458.51217 -1938.52741
  0.723 2547.83928 -4474.44947 -1926.61019
  0.724 2576.12112 -4490.54626 -1914.42515
  0.725 2604.83754 -4506.80407 -1901.96652
  0.726 2633.99600 -4523.22444 -1889.22844
  0.727 2663.60405 -4539.80894 -1876.20489
  0.728 2693.66945 -4556.55917 -1862.88972
  0.729 2724.20008 -4573.47674 -1849.27666
  0.730 2755.20401 -4590.56329 -1835.35928
  0.731 2786.68944 -4607.82047 -1821.13103
  0.732 2818.66478 -4625.24998 -1806.58519
  0.733 2851.13860 -4642.85351 -1791.71491
  0.734 2884.11963 -4660.63281 -1776.51318
  0.735 2917.61681 -4678.58964 -1760.97283
  0.736 2951.63924 -4696.72577 -1745.08652
  0.737 2986.19624 -4715.04301 -1728.84677
  0.738 3021.29729 -4733.54321 -1712.24591
  0.739 3056.95211 -4752.22822 -1695.27611
  0.740 3093.17058 -4771.09993 -1677.92935
  0.741 3129.96283 -4790.16026 -1660.19743
  0.742 3167.33918 -4809.41115 -1642.07197
  0.743 3205.31018 -4828.85459 -1623.54441
  0.744 3243.88659 -4848.49255 -1604.60596
  0.745 3283.07943 -4868.32709 -1585.24767
  0.746 3322.89991 -4888.36026 -1565.46035
  0.747 3363.35954 -4908.59416 -1545.23462
  0.748 3404.47002 -4929.03089 -1524.56087
  0.749 3446.24334 -4949.67263 -1503.42929
  0.750 3488.69173 -4970.52154 -1481.82981
  0.751 3531.82770 -4991.57986 -1459.75215
  0.752 3575.66403 -5012.84983 -1437.18580
  0.753 3620.21376 -5034.33373 -1414.11997
  0.754 3665.49024 -5056.03389 -1390.54365
  0.755 3711.50711 -5077.95266 -1366.44556
  0.756 3758.27828 -5100.09243 -1341.81415
  0.757 3805.81801 -5122.45561 -1316.63760
  0.758 3854.14084 -5145.04468 -1290.90383
  0.759 3903.26167 -5167.86212 -1264.60046
  0.760 3953.19569 -5190.91049 -1237.71480
  0.761 4003.95845 -5214.19234 -1210.23389
  0.762 4055.56586 -5237.71029 -1182.14443
  0.763 4108.03416 -5261.46700 -1153.43284
  0.764 4161.37998 -5285.46517 -1124.08518
  0.765 4215.62031 -5309.70751 -1094.08720
  0.766 4270.77253 -5334.19683 -1063.42429
  0.767 4326.85442 -5358.93592 -1032.08150
  0.768 4383.88415 -5383.92766 -1000.04351
  0.769 4441.88032 -5409.17496 -967.29464
  0.770 4500.86195 -5434.68076 -933.81881
  0.771 4560.84850 -5460.44807 -899.59957
  0.772 4621.85987 -5486.47993 -864.62006
  0.773 4683.91642 -5512.77943 -828.86301
  0.774 4747.03901 -5539.34972 -792.31072
  0.775 4811.24894 -5566.19399 -754.94505
  0.776 4876.56805 -5593.31548 -716.74743
  0.777 4943.01865 -5620.71748 -677.69882
  0.778 5010.62361 -5648.40333 -637.77971
  0.779 5079.40632 -5676.37643 -596.97011
  0.780 5149.39072 -5704.64024 -555.24952
  0.781 5220.60133 -5733.19827 -512.59694
  0.782 5293.06324 -5762.05406 -468.99083
  0.783 5366.80214 -5791.21126 -424.40912
  0.784 5441.84433 -5820.67352 -378.82919
  0.785 5518.21676 -5850.44460 -332.22784
  0.786 5595.94702 -5880.52829 -284.58127
  0.787 5675.06334 -5910.92845 -235.86510
  0.788 5755.59468 -5941.64900 -186.05432
  0.789 5837.57066 -5972.69393 -135.12327
  0.790 5921.02164 -6004.06729  -83.04565
  0.791 6005.97873 -6035.77321  -29.79448
  0.792 6092.47380 -6067.81586   24.65793
  0.793 6180.53948 -6100.19951   80.33997
  0.794 6270.20924 -6132.92848  137.28076
  0.795 6361.51735 -6166.00717  195.51018
  0.796 6454.49896 -6199.44005  255.05891
  0.797 6549.19006 -6233.23166  315.95840
  0.798 6645.62758 -6267.38664  378.24094
  0.799 6743.84934 -6301.90968  441.93966
  0.800 6843.89414 -6336.80556  507.08858
  0.801 6945.80174 -6372.07914  573.72260
  0.802 7049.61292 -6407.73536  641.87756
  0.803 7155.36948 -6443.77926  711.59023
  0.804 7263.11432 -6480.21594  782.89838
  0.805 7372.89140 -6517.05061  855.84079
  0.806 7484.74584 -6554.28856  930.45728
  0.807 7598.72389 -6591.93516 1006.78873
  0.808 7714.87302 -6629.99590 1084.87712
  0.809 7833.24194 -6668.47635 1164.76559
  0.810 7953.88060 -6707.38216 1246.49843
  0.811 8076.84027 -6746.71911 1330.12115
  0.812 8202.17356 -6786.49307 1415.68049
  0.813 8329.93448 -6826.71000 1503.22447
  0.814 8460.17844 -6867.37598 1592.80245
  0.815 8592.96234 -6908.49720 1684.46514
  0.816 8728.34458 -6950.07994 1778.26463
  0.817 8866.38512 -6992.13062 1874.25450
  0.818 9007.14552 -7034.65574 1972.48978
  0.819 9150.68902 -7077.66196 2073.02706
  0.820 9297.08054 -7121.15602 2175.92452
  0.821 9446.38675 -7165.14480 2281.24195
  0.822 9598.67616 -7209.63531 2389.04085
  0.823 9754.01912 -7254.63468 2499.38444
  0.824 9912.48793 -7300.15017 2612.33777
  0.825 10074.15685 -7346.18916 2727.96769
  0.826 10239.10220 -7392.75920 2846.34300
  0.827 10407.40242 -7439.86796 2967.53446
  0.828 10579.13809 -7487.52323 3091.61487
  0.829 10754.39209 -7535.73298 3218.65911
  0.830 10933.24957 -7584.50531 3348.74427
  0.831 11115.79810 -7633.84848 3481.94963
  0.832 11302.12771 -7683.77089 3618.35682
  0.833 11492.33096 -7734.28112 3758.04984
  0.834 11686.50306 -7785.38791 3901.11515
  0.835 11884.74193 -7837.10014 4047.64179
  0.836 12087.14827 -7889.42688 4197.72139
  0.837 12293.82570 -7942.37738 4351.44832
  0.838 12504.88080 -7995.96105 4508.91975
  0.839 12720.42326 -8050.18749 4670.23577
  0.840 12940.56594 -8105.06648 4835.49946
  0.841 13165.42499 -8160.60801 5004.81698
  0.842 13395.11998 -8216.82224 5178.29773
  0.843 13629.77395 -8273.71954 5356.05441
  0.844 13869.51363 -8331.31048 5538.20315
  0.845 14114.46945 -8389.60584 5724.86361
  0.846 14364.77575 -8448.61662 5916.15913
  0.847 14620.57086 -8508.35403 6112.21684
  0.848 14881.99729 -8568.82950 6313.16779
  0.849 15149.20179 -8630.05470 6519.14710
  0.850 15422.33559 -8692.04152 6730.29407
