  0.900 41926.27458 -12500.00000 29426.27458
  0.899 40995.76513 -12375.93129 28619.83384
  0.898 40090.37256 -12253.70062 27836.67195
  0.897 39209.29956 -12133.27186 27076.02770
  0.896 38351.77787 -12014.60977 26337.16810
  0.895 37517.06710 -11897.67995 25619.38714
  0.894 36704.45358 -11782.44886 24922.00471
  0.893 35913.24929 -11668.88375 24244.36554
  0.892 35142.79081 -11556.95266 23585.83815
  0.891 34392.43833 -11446.62439 22945.81394
  0.890 33661.57469 -11337.86848 22323.70621
  0.889 32949.60449 -11230.65520 21718.94929
  0.888 32255.95322 -11124.95550 21130.99772
  0.887 31580.06643 -11020.74103 20559.32540
  0.886 30921.40896 -10917.98410 20003.42485
  0.885 30279.46414 -10816.65765 19462.80649
  0.884 29653.73311 -10716.73525 18936.99786
  0.883 29043.73412 -10618.19108 18425.54304
  0.882 28449.00185 -10520.99992 17928.00193
  0.881 27869.08678 -10425.13709 17443.94969
  0.880 27303.55462 -10330.57851 16972.97611
  0.879 26751.98567 -10237.30063 16514.68504
  0.878 26213.97432 -10145.28042 16068.69391
  0.877 25689.12849 -10054.49536 15634.63313
  0.876 25177.06912 -9964.92347 15212.14565
  0.875 24677.42969 -9876.54321 14800.88648
  0.874 24189.85575 -9789.33354 14400.52221
  0.873 23714.00447 -9703.27388 14010.73058
  0.872 23249.54421 -9618.34411 13631.20010
  0.871 22796.15410 -9534.52451 13261.62959
  0.870 22353.52369 -9451.79584 12901.72784
  0.869 21921.35248 -9370.13924 12551.21324
  0.868 21499.34964 -9289.53627 12209.81338
  0.867 21087.23365 -9209.96887 11877.26478
  0.866 20684.73191 -9131.41939 11553.31252
  0.865 20291.58046 -9053.87053 11237.70993
  0.864 19907.52370 -8977.30537 10930.21832
  0.863 19532.31401 -8901.70735 10630.60667
  0.862 19165.71157 -8827.06024 10338.65133
  0.861 18807.48398 -8753.34816 10054.13582
  0.860 18457.40607 -8680.55556 9776.85052
  0.859 18115.25964 -8608.66721 9506.59244
  0.858 17780.83320 -8537.66819 9243.16500
  0.857 17453.92171 -8467.54390 8986.37780
  0.856 17134.32642 -8398.28003 8736.04639
  0.855 16821.85461 -8329.86256 8491.99205
  0.854 16516.31940 -8262.27774 8254.04165
  0.853 16217.53952 -8195.51214 8022.02739
  0.852 15925.33919 -8129.55255 7795.78664
  0.851 15639.54784 -8064.38606 7575.16178
  0.850 15360.00000 -8000.00000 7360.00000
  0.849 15086.53512 -7936.38196 7150.15316
  0.848 14818.99738 -7873.51978 6945.47760
  0.847 14557.23555 -7811.40152 6745.83403
  0.846 14301.10285 -7750.01550 6551.08735
  0.845 14050.45676 -7689.35025 6361.10651
  0.844 13805.15893 -7629.39453 6175.76440
  0.843 13565.07501 -7570.13732 5994.93769
  0.842 13330.07454 -7511.56781 5818.50672
  0.841 13100.03079 -7453.67541 5646.35538
  0.840 12874.82068 -7396.44970 5478.37097
  0.839 12654.32464 -7339.88051 5314.44413
  0.838 12438.42649 -7283.95781 5154.46868
  0.837 12227.01335 -7228.67180 4998.34155
  0.836 12019.97554 -7174.01286 4845.96268
  0.835 11817.20643 -7119.97152 4697.23491
  0.834 11618.60240 -7066.53853 4552.06387
  0.833 11424.06271 -7013.70478 4410.35794
  0.832 11233.48945 -6961.46135 4272.02810
  0.831 11046.78737 -6909.79948 4136.98789
  0.830 10863.86389 -6858.71056 4005.15333
  0.829 10684.62897 -6808.18616 3876.44281
  0.828 10508.99503 -6758.21799 3750.77703
  0.827 10336.87687 -6708.79792 3628.07895
  0.826 10168.19162 -6659.91795 3508.27367
  0.825 10002.85866 -6611.57025 3391.28842
  0.824 9840.79955 -6563.74711 3277.05243
  0.823 9681.93793 -6516.44098 3165.49695
  0.822 9526.19952 -6469.64443 3056.55509
  0.821 9373.51201 -6423.35016 2950.16184
  0.820 9223.80501 -6377.55102 2846.25399
  0.819 9077.01003 -6332.23997 2744.77006
  0.818 8933.06034 -6287.41009 2645.65025
  0.817 8791.89099 -6243.05460 2548.83639
  0.816 8653.43876 -6199.16683 2454.27193
  0.815 8517.64204 -6155.74023 2361.90181
  0.814 8384.44086 -6112.76835 2271.67251
  0.813 8253.77678 -6070.24487 2183.53191
  0.812 8125.59290 -6028.16358 2097.42932
  0.811 7999.83376 -5986.51836 2013.31540
  0.810 7876.44535 -5945.30321 1931.14214
  0.809 7755.37503 -5904.51223 1850.86281
  0.808 7636.57152 -5864.13961 1772.43190
  0.807 7519.98481 -5824.17966 1695.80514
  0.806 7405.56619 -5784.62678 1620.93941
  0.805 7293.26817 -5745.47544 1547.79273
  0.804 7183.04447 -5706.72023 1476.32423
  0.803 7074.84994 -5668.35584 1406.49410
  0.802 6968.64059 -5630.37701 1338.26358
  0.801 6864.37352 -5592.77860 1271.59491
  0.800 6762.00688 -5555.55556 1206.45133
  0.799 6661.49988 -5518.70288 1142.79700
  0.798 6562.81272 -5482.21569 1080.59703
  0.797 6465.90659 -5446.08916 1019.81743
  0.796 6370.74363 -5410.31856  960.42507
  0.795 6277.28689 -5374.89922  902.38767
  0.794 6185.50035 -5339.82656  845.67378
  0.793 6095.34883 -5305.09608  790.25276
  0.792 6006.79804 -5270.70332  736.09472
  0.791 5919.81449 -5236.64394  683.17055
  0.790 5834.36550 -5202.91363  631.45187
  0.789 5750.41918 -5169.50817  580.91101
  0.788 5667.94440 -5136.42341  531.52100
  0.787 5586.91078 -5103.65524  483.25554
  0.786 5507.28864 -5071.19964  436.08899
  0.785 5429.04902 -5039.05266  389.99636
  0.784 5352.16364 -5007.21038  344.95325
  0.783 5276.60488 -4975.66898  300.93590
  0.782 5202.34578 -4944.42467  257.92111
  0.781 5129.36000 -4913.47373  215.88627
  0.780 5057.62182 -4882.81250  174.80932
  0.779 4987.10611 -4852.43738  134.66873
  0.778 4917.78833 -4822.34482   95.44351
  0.777 4849.64450 -4792.53132   57.11318
  0.776 4782.65120 -4762.99345   19.65775
  0.775 4716.78554 -4733.72781  -16.94227
  0.774 4652.02515 -4704.73108  -52.70592
  0.773 4588.34820 -4675.99996  -87.65177
  0.772 4525.73330 -4647.53123 -121.79793
  0.771 4464.15961 -4619.32170 -155.16209
  0.770 4403.60671 -4591.36823 -187.76151
  0.769 4344.05468 -4563.66773 -219.61305
  0.768 4285.48400 -4536.21716 -250.73316
  0.767 4227.87564 -4509.01352 -281.13788
  0.766 4171.21095 -4482.05386 -310.84290
  0.765 4115.47173 -4455.33526 -339.86353
  0.764 4060.64017 -4428.85488 -368.21471
  0.763 4006.69884 -4402.60987 -395.91102
  0.762 3953.63073 -4376.59746 -422.96673
  0.761 3901.41916 -4350.81491 -449.39574
  0.760 3850.04786 -4325.25952 -475.21166
  0.759 3799.50088 -4299.92862 -500.42774
  0.758 3749.76264 -4274.81960 -525.05697
  0.757 3700.81789 -4249.92988 -549.11199
  0.756 3652.65171 -4225.25690 -572.60518
  0.755 3605.24951 -4200.79815 -595.54864
  0.754 3558.59702 -4176.55117 -617.95416
  0.753 3512.68024 -4152.51352 -639.83327
  0.752 3467.48553 -4128.68279 -661.19726
  0.751 3422.99948 -4105.05661 -682.05713
  0.750 3379.20902 -4081.63265 -702.42364
  0.749 3336.10131 -4058.40862 -722.30731
  0.748 3293.66382 -4035.38223 -741.71841
  0.747 3251.88426 -4012.55126 -760.66700
  0.746 3210.75062 -3989.91350 -779.16287
  0.745 3170.25113 -3967.46677 -797.21564
  0.744 3130.37426 -3945.20894 -814.83468
  0.743 3091.10873 -3923.13788 -832.02915
  0.742 3052.44351 -3901.25152 -848.80802
  0.741 3014.36776 -3879.54780 -865.18004
  0.740 2976.87090 -3858.02469 -881.15379
  0.739 2939.94257 -3836.68020 -896.73763
  0.738 2903.57259 -3815.51235 -911.93976
  0.737 2867.75101 -3794.51920 -926.76818
  0.736 2832.46811 -3773.69883 -941.23072
  0.735 2797.71431 -3753.04935 -955.33504
  0.734 2763.48028 -3732.56890 -969.08862
  0.733 2729.75686 -3712.25564 -982.49878
  0.732 2696.53506 -3692.10775 -995.57269
  0.731 2663.80609 -3672.12344 -1008.31735
  0.730 2631.56133 -3652.30095 -1020.73962
  0.729 2599.79235 -3632.63853 -1032.84618
  0.728 2568.49086 -3613.13447 -1044.64360
  0.727 2537.64877 -3593.78706 -1056.13829
  0.726 2507.25811 -3574.59464 -1067.33653
  0.725 2477.31111 -3555.55556 -1078.24445
  0.724 2447.80012 -3536.66818 -1088.86805
  0.723 2418.71768 -3517.93089 -1099.21322
  0.722 2390.05643 -3499.34212 -1109.28569
  0.721 2361.80920 -3480.90030 -1119.09110
  0.720 2333.96893 -3462.60388 -1128.63495
  0.719 2306.52871 -3444.45133 -1137.92263
  0.718 2279.48176 -3426.44116 -1146.95940
  0.717 2252.82145 -3408.57188 -1155.75043
  0.716 2226.54125 -3390.84201 -1164.30077
  0.715 2200.63478 -3373.25013 -1172.61535
  0.714 2175.09577 -3355.79479 -1180.69902
  0.713 2149.91808 -3338.47458 -1188.55650
  0.712 2125.09569 -3321.28813 -1196.19244
  0.711 2100.62267 -3304.23405 -1203.61137
  0.710 2076.49325 -3287.31098 -1210.81773
  0.709 2052.70172 -3270.51759 -1217.81587
  0.708 2029.24252 -3253.85256 -1224.61004
  0.707 2006.11016 -3237.31458 -1231.20442
  0.706 1983.29929 -3220.90237 -1237.60308
  0.705 1960.80463 -3204.61465 -1243.81001
  0.704 1938.62102 -3188.45016 -1249.82914
  0.703 1916.74339 -3172.40767 -1255.66428
  0.702 1895.16676 -3156.48595 -1261.31919
  0.701 1873.88625 -3140.68379 -1266.79754
  0.700 1852.89707 -3125.00000 -1272.10293
  0.699 1832.19451 -3109.43340 -1277.23889
  0.698 1811.77397 -3093.98282 -1282.20885
  0.697 1791.63091 -3078.64712 -1287.01621
  0.696 1771.76089 -3063.42515 -1291.66426
  0.695 1752.15955 -3048.31581 -1296.15625
  0.694 1732.82260 -3033.31796 -1300.49536
  0.693 1713.74584 -3018.43054 -1304.68470
  0.692 1694.92514 -3003.65244 -1308.72730
  0.691 1676.35645 -2988.98261 -1312.62616
  0.690 1658.03578 -2974.41999 -1316.38420
  0.689 1639.95925 -2959.96353 -1320.00429
  0.688 1622.12300 -2945.61222 -1323.48921
  0.687 1604.52328 -2931.36502 -1326.84174
  0.686 1587.15638 -2917.22094 -1330.06456
  0.685 1570.01868 -2903.17898 -1333.16030
  0.684 1553.10661 -2889.23817 -1336.13156
  0.683 1536.41666 -2875.39752 -1338.98087
  0.682 1519.94540 -2861.65610 -1341.71070
  0.681 1503.68945 -2848.01294 -1344.32350
  0.680 1487.64548 -2834.46712 -1346.82164
  0.679 1471.81025 -2821.01771 -1349.20746
  0.678 1456.18055 -2807.66380 -1351.48325
  0.677 1440.75323 -2794.40448 -1353.65126
  0.676 1425.52520 -2781.23888 -1355.71367
  0.675 1410.49344 -2768.16609 -1357.67265
  0.674 1395.65495 -2755.18526 -1359.53031
  0.673 1381.00680 -2742.29552 -1361.28872
  0.672 1366.54612 -2729.49603 -1362.94990
  0.671 1352.27008 -2716.78593 -1364.51585
  0.670 1338.17590 -2704.16441 -1365.98851
  0.669 1324.26085 -2691.63064 -1367.36980
  0.668 1310.52224 -2679.18381 -1368.66158
  0.667 1296.95743 -2666.82312 -1369.86569
  0.666 1283.56383 -2654.54777 -1370.98394
  0.665 1270.33890 -2642.35698 -1372.01808
  0.664 1257.28013 -2630.24998 -1372.96985
  0.663 1244.38506 -2618.22599 -1373.84093
  0.662 1231.65127 -2606.28427 -1374.63301
  0.661 1219.07637 -2594.42406 -1375.34769
  0.660 1206.65804 -2582.64463 -1375.98659
  0.659 1194.39397 -2570.94523 -1376.55126
  0.658 1182.28190 -2559.32516 -1377.04325
  0.657 1170.31962 -2547.78368 -1377.46406
  0.656 1158.50494 -2536.32010 -1377.81517
  0.655 1146.83570 -2524.93372 -1378.09802
  0.654 1135.30981 -2513.62384 -1378.31403
  0.653 1123.92518 -2502.38978 -1378.46460
  0.652 1112.67977 -2491.23087 -1378.55110
  0.651 1101.57157 -2480.14643 -1378.57485
  0.650 1090.59862 -2469.13580 -1378.53719
  0.649 1079.75896 -2458.19834 -1378.43938
  0.648 1069.05069 -2447.33339 -1378.28270
  0.647 1058.47193 -2436.54031 -1378.06838
  0.646 1048.02084 -2425.81847 -1377.79764
  0.645 1037.69559 -2415.16725 -1377.47166
  0.644 1027.49440 -2404.58603 -1377.09163
  0.643 1017.41551 -2394.07419 -1376.65868
  0.642 1007.45720 -2383.63113 -1376.17393
  0.641  997.61775 -2373.25625 -1375.63850
  0.640  987.89551 -2362.94896 -1375.05345
  0.639  978.28882 -2352.70867 -1374.41985
  0.638  968.79606 -2342.53481 -1373.73875
  0.637  959.41564 -2332.42680 -1373.01115
  0.636  950.14600 -2322.38407 -1372.23807
  0.635  940.98558 -2312.40606 -1371.42048
  0.634  931.93287 -2302.49222 -1370.55935
  0.633  922.98638 -2292.64199 -1369.65562
  0.632  914.14464 -2282.85485 -1368.71021
  0.631  905.40620 -2273.13024 -1367.72404
  0.630  896.76963 -2263.46763 -1366.69800
  0.629  888.23355 -2253.86651 -1365.63296
  0.628  879.79656 -2244.32634 -1364.52978
  0.627  871.45732 -2234.84662 -1363.38930
  0.626  863.21448 -2225.42684 -1362.21236
  0.625  855.06674 -2216.06648 -1360.99975
  0.624  847.01279 -2206.76506 -1359.75227
  0.623  839.05137 -2197.52207 -1358.47071
  0.622  831.18122 -2188.33704 -1357.15582
  0.621  823.40110 -2179.20947 -1355.80837
  0.620  815.70981 -2170.13889 -1354.42908
  0.619  808.10615 -2161.12482 -1353.01867
  0.618  800.58893 -2152.16680 -1351.57787
  0.617  793.15701 -2143.26436 -1350.10735
  0.616  785.80923 -2134.41705 -1348.60782
  0.615  778.54448 -2125.62440 -1347.07992
  0.614  771.36165 -2116.88598 -1345.52433
  0.613  764.25965 -2108.20132 -1343.94168
  0.612  757.23740 -2099.57001 -1342.33261
  0.611  750.29385 -2090.99159 -1340.69774
  0.610  743.42797 -2082.46564 -1339.03767
  0.609  736.63872 -2073.99173 -1337.35301
  0.608  729.92509 -2065.56944 -1335.64435
  0.607  723.28610 -2057.19834 -1333.91224
  0.606  716.72076 -2048.87803 -1332.15727
  0.605  710.22811 -2040.60810 -1330.37999
  0.604  703.80721 -2032.38814 -1328.58093
  0.603  697.45711 -2024.21774 -1326.76063
  0.602  691.17690 -2016.09651 -1324.91962
  0.601  684.96566 -2008.02406 -1323.05840
  0.600  678.82251 -2000.00000 -1321.17749
  0.599  672.74656 -1992.02394 -1319.27737
  0.598  666.73696 -1984.09549 -1317.35854
  0.597  660.79283 -1976.21428 -1315.42145
  0.596  654.91335 -1968.37994 -1313.46660
  0.595  649.09767 -1960.59210 -1311.49442
  0.594  643.34500 -1952.85038 -1309.50538
  0.593  637.65451 -1945.15443 -1307.49991
  0.592  632.02543 -1937.50388 -1305.47845
  0.591  626.45695 -1929.89837 -1303.44142
  0.590  620.94833 -1922.33756 -1301.38923
  0.589  615.49879 -1914.82110 -1299.32231
  0.588  610.10759 -1907.34863 -1297.24104
  0.587  604.77400 -1899.91982 -1295.14582
  0.586  599.49728 -1892.53433 -1293.03705
  0.585  594.27673 -1885.19182 -1290.91509
  0.584  589.11163 -1877.89195 -1288.78032
  0.583  584.00130 -1870.63441 -1286.63311
  0.582  578.94504 -1863.41885 -1284.47381
  0.581  573.94218 -1856.24496 -1282.30278
  0.580  568.99206 -1849.11243 -1280.12036
  0.579  564.09403 -1842.02092 -1277.92689
  0.578  559.24742 -1834.97013 -1275.72270
  0.577  554.45162 -1827.95974 -1273.50812
  0.576  549.70598 -1820.98945 -1271.28347
  0.575  545.00990 -1814.05896 -1269.04906
  0.574  540.36275 -1807.16795 -1266.80520
  0.573  535.76395 -1800.31614 -1264.55219
  0.572  531.21289 -1793.50321 -1262.29033
  0.571  526.70899 -1786.72889 -1260.01990
  0.570  522.25167 -1779.99288 -1257.74121
  0.569  517.84038 -1773.29489 -1255.45451
  0.568  513.47453 -1766.63463 -1253.16010
  0.567  509.15359 -1760.01183 -1250.85823
  0.566  504.87701 -1753.42619 -1248.54918
  0.565  500.64425 -1746.87746 -1246.23320
  0.564  496.45479 -1740.36534 -1243.91055
  0.563  492.30809 -1733.88957 -1241.58148
  0.562  488.20364 -1727.44987 -1239.24623
  0.561  484.14094 -1721.04598 -1236.90504
  0.560  480.11949 -1714.67764 -1234.55815
  0.559  476.13879 -1708.34458 -1232.20579
  0.558  472.19835 -1702.04654 -1229.84819
  0.557  468.29770 -1695.78327 -1227.48557
  0.556  464.43635 -1689.55450 -1225.11815
  0.555  460.61385 -1683.35999 -1222.74613
  0.554  456.82973 -1677.19948 -1220.36975
  0.553  453.08354 -1671.07273 -1217.98919
  0.552  449.37483 -1664.97949 -1215.60466
  0.551  445.70315 -1658.91951 -1213.21636
  0.550  442.06807 -1652.89256 -1210.82449
  0.549  438.46917 -1646.89840 -1208.42923
  0.548  434.90601 -1640.93678 -1206.03077
  0.547  431.37817 -1635.00747 -1203.62930
  0.546  427.88525 -1629.11025 -1201.22500
  0.545  424.42683 -1623.24487 -1198.81804
  0.544  421.00252 -1617.41111 -1196.40859
  0.543  417.61191 -1611.60874 -1193.99683
  0.542  414.25462 -1605.83754 -1191.58292
  0.541  410.93026 -1600.09729 -1189.16703
  0.540  407.63844 -1594.38776 -1186.74931
  0.539  404.37880 -1588.70873 -1184.32993
  0.538  401.15096 -1583.05999 -1181.90903
  0.537  397.95455 -1577.44133 -1179.48677
  0.536  394.78922 -1571.85252 -1177.06330
  0.535  391.65461 -1566.29337 -1174.63876
  0.534  388.55036 -1560.76365 -1172.21329
  0.533  385.47613 -1555.26317 -1169.78704
  0.532  382.43158 -1549.79171 -1167.36013
  0.531  379.41636 -1544.34907 -1164.93271
  0.530  376.43015 -1538.93506 -1162.50490
  0.529  373.47262 -1533.54946 -1160.07684
  0.528  370.54344 -1528.19209 -1157.64865
  0.527  367.64228 -1522.86274 -1155.22045
  0.526  364.76885 -1517.56122 -1152.79237
  0.525  361.92281 -1512.28733 -1150.36453
  0.524  359.10386 -1507.04090 -1147.93703
  0.523  356.31171 -1501.82171 -1145.51000
  0.522  353.54604 -1496.62959 -1143.08355
  0.521  350.80657 -1491.46435 -1140.65778
  0.520  348.09300 -1486.32580 -1138.23281
  0.519  345.40503 -1481.21377 -1135.80873
  0.518  342.74239 -1476.12806 -1133.38566
  0.517  340.10480 -1471.06850 -1130.96370
  0.516  337.49197 -1466.03490 -1128.54293
  0.515  334.90363 -1461.02710 -1126.12347
  0.514  332.33952 -1456.04492 -1123.70540
  0.513  329.79935 -1451.08817 -1121.28882
  0.512  327.28288 -1446.15669 -1118.87381
  0.511  324.78983 -1441.25031 -1116.46048
  0.510  322.31996 -1436.36886 -1114.04890
  0.509  319.87301 -1431.51216 -1111.63916
  0.508  317.44872 -1426.68006 -1109.23134
  0.507  315.04684 -1421.87238 -1106.82553
  0.506  312.66715 -1417.08896 -1104.42181
  0.505  310.30938 -1412.32964 -1102.02025
  0.504  307.97331 -1407.59425 -1099.62094
  0.503  305.65870 -1402.88264 -1097.22394
  0.502  303.36532 -1398.19465 -1094.82933
  0.501  301.09293 -1393.53012 -1092.43719
  0.500  298.84131 -1388.88889 -1090.04758
  0.499  296.61023 -1384.27081 -1087.66057
  0.498  294.39948 -1379.67572 -1085.27624
  0.497  292.20884 -1375.10348 -1082.89464
  0.496  290.03809 -1370.55392 -1080.51584
  0.495  287.88701 -1366.02691 -1078.13990
  0.494  285.75540 -1361.52229 -1075.76689
  0.493  283.64305 -1357.03992 -1073.39687
  0.492  281.54975 -1352.57964 -1071.02989
  0.491  279.47530 -1348.14132 -1068.66601
  0.490  277.41951 -1343.72481 -1066.30530
  0.489  275.38216 -1339.32996 -1063.94780
  0.488  273.36308 -1334.95664 -1061.59356
  0.487  271.36205 -1330.60471 -1059.24265
  0.486  269.37891 -1326.27402 -1056.89511
  0.485  267.41344 -1321.96444 -1054.55100
  0.484  265.46548 -1317.67583 -1052.21035
  0.483  263.53483 -1313.40806 -1049.87323
  0.482  261.62131 -1309.16098 -1047.53967
  0.481  259.72475 -1304.93448 -1045.20973
  0.480  257.84496 -1300.72841 -1042.88344
  0.479  255.98178 -1296.54264 -1040.56086
  0.478  254.13502 -1292.37704 -1038.24202
  0.477  252.30453 -1288.23149 -1035.92696
  0.476  250.49012 -1284.10585 -1033.61573
  0.475  248.69163 -1280.00000 -1031.30837
  0.474  246.90891 -1275.91381 -1029.00490
  0.473  245.14177 -1271.84715 -1026.70538
  0.472  243.39007 -1267.79991 -1024.40984
  0.471  241.65364 -1263.77195 -1022.11831
  0.470  239.93234 -1259.76316 -1019.83083
  0.469  238.22599 -1255.77342 -1017.54743
  0.468  236.53445 -1251.80260 -1015.26815
  0.467  234.85757 -1247.85058 -1012.99301
  0.466  233.19519 -1243.91724 -1010.72205
  0.465  231.54718 -1240.00248 -1008.45530
  0.464  229.91337 -1236.10617 -1006.19279
  0.463  228.29364 -1232.22819 -1003.93455
  0.462  226.68783 -1228.36843 -1001.68060
  0.461  225.09580 -1224.52678 -999.43098
  0.460  223.51742 -1220.70312 -997.18571
  0.459  221.95254 -1216.89735 -994.94481
  0.458  220.40103 -1213.10934 -992.70831
  0.457  218.86276 -1209.33900 -990.47624
  0.456  217.33759 -1205.58620 -988.24861
  0.455  215.82539 -1201.85085 -986.02546
  0.454  214.32603 -1198.13283 -983.80680
  0.453  212.83938 -1194.43204 -981.59265
  0.452  211.36532 -1190.74836 -979.38304
  0.451  209.90371 -1187.08170 -977.17799
  0.450  208.45444 -1183.43195 -974.97751
  0.449  207.01738 -1179.79901 -972.78163
  0.448  205.59241 -1176.18277 -970.59036
  0.447  204.17941 -1172.58313 -968.40372
  0.446  202.77826 -1168.99999 -966.22173
  0.445  201.38884 -1165.43325 -964.04441
  0.444  200.01104 -1161.88281 -961.87176
  0.443  198.64475 -1158.34857 -959.70382
  0.442  197.28985 -1154.83042 -957.54058
  0.441  195.94622 -1151.32829 -955.38207
  0.440  194.61376 -1147.84206 -953.22830
  0.439  193.29236 -1144.37164 -951.07928
  0.438  191.98191 -1140.91693 -948.93502
  0.437  190.68230 -1137.47785 -946.79555
  0.436  189.39342 -1134.05429 -944.66086
  0.435  188.11518 -1130.64616 -942.53098
  0.434  186.84747 -1127.25338 -940.40591
  0.433  185.59018 -1123.87584 -938.28566
  0.432  184.34322 -1120.51346 -936.17024
  0.431  183.10648 -1117.16615 -934.05967
  0.430  181.87987 -1113.83382 -931.95394
  0.429  180.66329 -1110.51637 -929.85308
  0.428  179.45664 -1107.21372 -927.75708
  0.427  178.25982 -1103.92578 -925.66596
  0.426  177.07275 -1100.65247 -923.57972
  0.425  175.89532 -1097.39369 -921.49837
  0.424  174.72744 -1094.14936 -919.42192
  0.423  173.56903 -1090.91941 -917.35037
  0.422  172.42000 -1087.70373 -915.28373
  0.421  171.28024 -1084.50225 -913.22200
  0.420  170.14968 -1081.31488 -911.16519
  0.419  169.02823 -1078.14154 -909.11331
  0.418  167.91580 -1074.98216 -907.06635
  0.417  166.81231 -1071.83663 -905.02433
  0.416  165.71766 -1068.70490 -902.98724
  0.415  164.63178 -1065.58687 -900.95509
  0.414  163.55459 -1062.48247 -898.92788
  0.413  162.48600 -1059.39161 -896.90562
  0.412  161.42592 -1056.31422 -894.88830
  0.411  160.37429 -1053.25022 -892.87593
  0.410  159.33102 -1050.19954 -890.86851
  0.409  158.29604 -1047.16209 -888.86605
  0.408  157.26926 -1044.13779 -886.86854
  0.407  156.25060 -1041.12658 -884.87598
  0.406  155.24000 -1038.12838 -882.88838
  0.405  154.23738 -1035.14311 -880.90573
  0.404  153.24266 -1032.17070 -878.92804
  0.403  152.25577 -1029.21107 -876.95530
  0.402  151.27663 -1026.26415 -874.98752
  0.401  150.30519 -1023.32987 -873.02469
  0.400  149.34135 -1020.40816 -871.06681
  0.399  148.38506 -1017.49895 -869.11389
  0.398  147.43624 -1014.60215 -867.16591
  0.397  146.49483 -1011.71771 -865.22289
  0.396  145.56075 -1008.84556 -863.28481
  0.395  144.63394 -1005.98561 -861.35167
  0.394  143.71434 -1003.13782 -859.42348
  0.393  142.80187 -1000.30209 -857.50022
  0.392  141.89647 -997.47837 -855.58190
  0.391  140.99808 -994.66660 -853.66852
  0.390  140.10663 -991.86669 -851.76006
  0.389  139.22206 -989.07859 -849.85654
  0.388  138.34430 -986.30223 -847.95793
  0.387  137.47330 -983.53755 -846.06424
  0.386  136.60900 -980.78447 -844.17547
  0.385  135.75132 -978.04294 -842.29161
  0.384  134.90022 -975.31288 -840.41266
  0.383  134.05563 -972.59424 -838.53861
  0.382  133.21749 -969.88695 -836.66946
  0.381  132.38575 -967.19095 -834.80520
  0.380  131.56035 -964.50617 -832.94582
  0.379  130.74123 -961.83256 -831.09133
  0.378  129.92833 -959.17005 -829.24172
  0.377  129.12161 -956.51858 -827.39697
  0.376  128.32099 -953.87809 -825.55710
  0.375  127.52644 -951.24851 -823.72208
  0.374  126.73789 -948.62980 -821.89191
  0.373  125.95529 -946.02188 -820.06660
  0.372  125.17859 -943.42471 -818.24612
  0.371  124.40773 -940.83821 -816.43048
  0.370  123.64267 -938.26234 -814.61967
  0.369  122.88335 -935.69703 -812.81367
  0.368  122.12973 -933.14223 -811.01250
  0.367  121.38174 -930.59787 -809.21613
  0.366  120.63935 -928.06391 -807.42456
  0.365  119.90250 -925.54028 -805.63779
  0.364  119.17114 -923.02694 -803.85580
  0.363  118.44523 -920.52381 -802.07859
  0.362  117.72471 -918.03086 -800.30615
  0.361  117.00954 -915.54802 -798.53848
  0.360  116.29968 -913.07524 -796.77556
  0.359  115.59507 -910.61246 -795.01739
  0.358  114.89568 -908.15963 -793.26396
  0.357  114.20144 -905.71670 -791.51526
  0.356  113.51233 -903.28362 -789.77128
  0.355  112.82830 -900.86032 -788.03203
  0.354  112.14929 -898.44677 -786.29747
  0.353  111.47527 -896.04290 -784.56762
  0.352  110.80620 -893.64866 -782.84246
  0.351  110.14203 -891.26401 -781.12198
  0.350  109.48272 -888.88889 -779.40617
  0.349  108.82822 -886.52325 -777.69503
  0.348  108.17850 -884.16704 -775.98854
  0.347  107.53352 -881.82022 -774.28670
  0.346  106.89323 -879.48272 -772.58949
  0.345  106.25759 -877.15451 -770.89692
  0.344  105.62657 -874.83553 -769.20896
  0.343  105.00012 -872.52574 -767.52561
  0.342  104.37821 -870.22508 -765.84687
  0.341  103.76079 -867.93350 -764.17271
  0.340  103.14783 -865.65097 -762.50314
  0.339  102.53929 -863.37743 -760.83814
  0.338  101.93513 -861.11283 -759.17770
  0.337  101.33532 -858.85714 -757.52182
  0.336  100.73981 -856.61029 -755.87048
  0.335  100.14858 -854.37225 -754.22367
  0.334   99.56158 -852.14297 -752.58139
  0.333   98.97878 -849.92240 -750.94362
  0.332   98.40015 -847.71050 -749.31035
  0.331   97.82565 -845.50723 -747.68158
  0.330   97.25524 -843.31253 -746.05730
  0.329   96.68889 -841.12637 -744.43748
  0.328   96.12656 -838.94870 -742.82214
  0.327   95.56823 -836.77947 -741.21124
  0.326   95.01385 -834.61865 -739.60479
  0.325   94.46340 -832.46618 -738.00278
  0.324   93.91685 -830.32203 -736.40518
  0.323   93.37415 -828.18616 -734.81200
  0.322   92.83528 -826.05851 -733.22323
  0.321   92.30021 -823.93905 -731.63884
  0.320   91.76890 -821.82774 -730.05884
  0.319   91.24133 -819.72454 -728.48321
  0.318   90.71746 -817.62940 -726.91194
  0.317   90.19726 -815.54228 -725.34502
  0.316   89.68070 -813.46314 -723.78244
  0.315   89.16775 -811.39194 -722.22419
  0.314   88.65838 -809.32865 -720.67026
  0.313   88.15257 -807.27321 -719.12064
  0.312   87.65027 -805.22559 -717.57532
  0.311   87.15147 -803.18576 -716.03428
  0.310   86.65614 -801.15366 -714.49752
  0.309   86.16424 -799.12927 -712.96503
  0.308   85.67575 -797.11254 -711.43679
  0.307   85.19065 -795.10344 -709.91279
  0.306   84.70889 -793.10192 -708.39303
  0.305   84.23046 -791.10795 -706.87749
  0.304   83.75533 -789.12149 -705.36616
  0.303   83.28347 -787.14250 -703.85903
  0.302   82.81485 -785.17095 -702.35609
  0.301   82.34946 -783.20679 -700.85733
  0.300   81.88726 -781.25000 -699.36274
  0.299   81.42822 -779.30053 -697.87231
  0.298   80.97232 -777.35835 -696.38603
  0.297   80.51954 -775.42342 -694.90388
  0.296   80.06985 -773.49571 -693.42585
  0.295   79.62323 -771.57517 -691.95194
  0.294   79.17965 -769.66178 -690.48213
  0.293   78.73908 -767.75550 -689.01642
  0.292   78.30151 -765.85629 -687.55478
  0.291   77.86690 -763.96412 -686.09721
  0.290   77.43524 -762.07895 -684.64371
  0.289   77.00650 -760.20075 -683.19425
  0.288   76.58066 -758.32949 -681.74883
  0.287   76.15770 -756.46513 -680.30743
  0.286   75.73758 -754.60763 -678.87005
  0.285   75.32030 -752.75697 -677.43668
  0.284   74.90582 -750.91311 -676.00729
  0.283   74.49412 -749.07601 -674.58189
  0.282   74.08519 -747.24565 -673.16046
  0.281   73.67900 -745.42199 -671.74300
  0.280   73.27552 -743.60500 -670.32948
  0.279   72.87474 -741.79464 -668.91989
  0.278   72.47664 -739.99088 -667.51424
  0.277   72.08120 -738.19370 -666.11250
  0.276   71.68839 -736.40305 -664.71467
  0.275   71.29819 -734.61892 -663.32073
  0.274   70.91058 -732.84125 -661.93067
  0.273   70.52555 -731.07004 -660.54449
  0.272   70.14307 -729.30523 -659.16217
  0.271   69.76312 -727.54681 -657.78370
  0.270   69.38568 -725.79475 -656.40907
  0.269   69.01073 -724.04900 -655.03826
  0.268   68.63826 -722.30954 -653.67128
  0.267   68.26825 -720.57635 -652.30810
  0.266   67.90066 -718.84938 -650.94872
  0.265   67.53550 -717.12862 -649.59312
  0.264   67.17273 -715.41402 -648.24129
  0.263   66.81234 -713.70557 -646.89323
  0.262   66.45431 -712.00324 -645.54892
  0.261   66.09863 -710.30698 -644.20835
  0.260   65.74526 -708.61678 -642.87152
  0.259   65.39421 -706.93261 -641.53840
  0.258   65.04544 -705.25443 -640.20899
  0.257   64.69894 -703.58222 -638.88328
  0.256   64.35470 -701.91595 -637.56125
  0.255   64.01269 -700.25559 -636.24291
  0.254   63.67290 -698.60112 -634.92822
  0.253   63.33531 -696.95251 -633.61719
  0.252   62.99991 -695.30972 -632.30981
  0.251   62.66667 -693.67273 -631.00606
  0.250   62.33559 -692.04152 -629.70593
  0.249   62.00665 -690.41606 -628.40941
  0.248   61.67982 -688.79631 -627.11650
  0.247   61.35509 -687.18226 -625.82717
  0.246   61.03245 -685.57388 -624.54143
  0.245   60.71189 -683.97114 -623.25925
  0.244   60.39338 -682.37401 -621.98063
  0.243   60.07691 -680.78246 -620.70556
  0.242   59.76246 -679.19648 -619.43402
  0.241   59.45002 -677.61604 -618.16602
  0.240   59.13958 -676.04110 -616.90152
  0.239   58.83111 -674.47165 -615.64054
  0.238   58.52461 -672.90766 -614.38305
  0.237   58.22006 -671.34910 -613.12904
  0.236   57.91745 -669.79595 -611.87851
  0.235   57.61675 -668.24819 -610.63144
  0.234   57.31796 -666.70578 -609.38782
  0.233   57.02106 -665.16871 -608.14764
  0.232   56.72604 -663.63694 -606.91090
  0.231   56.43289 -662.11046 -605.67758
  0.230   56.14158 -660.58925 -604.44767
  0.229   55.85211 -659.07326 -603.22116
  0.228   55.56446 -657.56249 -601.99804
  0.227   55.27862 -656.05691 -600.77830
  0.226   54.99457 -654.55650 -599.56193
  0.225   54.71231 -653.06122 -598.34892
  0.224   54.43181 -651.57107 -597.13926
  0.223   54.15307 -650.08601 -595.93294
  0.222   53.87607 -648.60602 -594.72994
  0.221   53.60081 -647.13107 -593.53027
  0.220   53.32726 -645.66116 -592.33390
  0.219   53.05541 -644.19624 -591.14083
  0.218   52.78525 -642.73631 -589.95105
  0.217   52.51678 -641.28133 -588.76455
  0.216   52.24997 -639.83129 -587.58132
  0.215   51.98482 -638.38616 -586.40134
  0.214   51.72131 -636.94592 -585.22461
  0.213   51.45943 -635.51055 -584.05112
  0.212   51.19917 -634.08003 -582.88086
  0.211   50.94051 -632.65433 -581.71381
  0.210   50.68346 -631.23343 -580.54997
  0.209   50.42798 -629.81732 -579.38933
  0.208   50.17408 -628.40596 -578.23188
  0.207   49.92174 -626.99934 -577.07761
  0.206   49.67094 -625.59745 -575.92650
  0.205   49.42169 -624.20024 -574.77855
  0.204   49.17396 -622.80772 -573.63375
  0.203   48.92775 -621.41984 -572.49209
  0.202   48.68305 -620.03661 -571.35356
  0.201   48.43983 -618.65798 -570.21815
  0.200   48.19810 -617.28395 -569.08585
  0.199   47.95785 -615.91449 -567.95664
  0.198   47.71906 -614.54958 -566.83053
  0.197   47.48171 -613.18921 -565.70750
  0.196   47.24581 -611.83335 -564.58753
  0.195   47.01134 -610.48198 -563.47063
  0.194   46.77829 -609.13508 -562.35678
  0.193   46.54665 -607.79263 -561.24598
  0.192   46.31641 -606.45462 -560.13820
  0.191   46.08757 -605.12102 -559.03345
  0.190   45.86010 -603.79181 -557.93171
  0.189   45.63400 -602.46698 -556.83298
  0.188   45.40927 -601.14651 -555.73724
  0.187   45.18588 -599.83037 -554.64449
  0.186   44.96384 -598.51855 -553.55471
  0.185   44.74313 -597.21102 -552.46790
  0.184   44.52374 -595.90778 -551.38404
  0.183   44.30566 -594.60880 -550.30314
  0.182   44.08889 -593.31406 -549.22517
  0.181   43.87342 -592.02355 -548.15013
  0.180   43.65923 -590.73724 -547.07801
  0.179   43.44631 -589.45512 -546.00881
  0.178   43.23467 -588.17717 -544.94250
  0.177   43.02428 -586.90337 -543.87909
  0.176   42.81514 -585.63370 -542.81856
  0.175   42.60725 -584.36815 -541.76091
  0.174   42.40058 -583.10670 -540.70612
  0.173   42.19514 -581.84933 -539.65418
  0.172   41.99092 -580.59602 -538.60510
  0.171   41.78790 -579.34675 -537.55885
  0.170   41.58608 -578.10151 -536.51543
  0.169   41.38545 -576.86029 -535.47484
  0.168   41.18600 -575.62305 -534.43705
  0.167   40.98773 -574.38980 -533.40207
  0.166   40.79062 -573.16050 -532.36988
  0.165   40.59467 -571.93514 -531.34047
  0.164   40.39987 -570.71371 -530.31384
  0.163   40.20621 -569.49619 -529.28998
  0.162   40.01368 -568.28256 -528.26888
  0.161   39.82228 -567.07280 -527.25053
  0.160   39.63199 -565.86691 -526.23492
  0.159   39.44282 -564.66485 -525.22204
  0.158   39.25475 -563.46663 -524.21188
  0.157   39.06777 -562.27221 -523.20444
  0.156   38.88188 -561.08159 -522.19970
  0.155   38.69707 -559.89474 -521.19767
  0.154   38.51334 -558.71166 -520.19832
  0.153   38.33066 -557.53232 -519.20165
  0.152   38.14905 -556.35671 -518.20766
  0.151   37.96849 -555.18482 -517.21633
  0.150   37.78897 -554.01662 -516.22765
  0.149   37.61048 -552.85211 -515.24162
  0.148   37.43303 -551.69126 -514.25823
  0.147   37.25660 -550.53407 -513.27747
  0.146   37.08118 -549.38052 -512.29934
  0.145   36.90677 -548.23059 -511.32381
  0.144   36.73337 -547.08426 -510.35089
  0.143   36.56096 -545.94153 -509.38057
  0.142   36.38953 -544.80237 -508.41284
  0.141   36.21909 -543.66677 -507.44768
  0.140   36.04962 -542.53472 -506.48510
  0.139   35.88112 -541.40621 -505.52508
  0.138   35.71358 -540.28121 -504.56762
  0.137   35.54700 -539.15971 -503.61271
  0.136   35.38137 -538.04170 -502.66033
  0.135   35.21667 -536.92717 -501.71049
  0.134   35.05292 -535.81609 -500.76317
  0.133   34.89009 -534.70846 -499.81837
  0.132   34.72819 -533.60426 -498.87607
  0.131   34.56720 -532.50348 -497.93628
  0.130   34.40713 -531.40610 -496.99897
  0.129   34.24796 -530.31211 -496.06415
  0.128   34.08969 -529.22149 -495.13180
  0.127   33.93231 -528.13424 -494.20193
  0.126   33.77582 -527.05033 -493.27451
  0.125   33.62021 -525.96976 -492.34954
  0.124   33.46548 -524.89250 -491.42702
  0.123   33.31162 -523.81855 -490.50694
  0.122   33.15862 -522.74790 -489.58928
  0.121   33.00647 -521.68052 -488.67405
  0.120   32.85518 -520.61641 -487.76123
  0.119   32.70474 -519.55555 -486.85081
  0.118   32.55514 -518.49793 -485.94279
  0.117   32.40637 -517.44354 -485.03717
  0.116   32.25844 -516.39236 -484.13392
  0.115   32.11132 -515.34438 -483.23305
  0.114   31.96503 -514.29959 -482.33455
  0.113   31.81955 -513.25797 -481.43841
  0.112   31.67488 -512.21951 -480.54463
  0.111   31.53101 -511.18420 -479.65318
  0.110   31.38794 -510.15203 -478.76408
  0.109   31.24567 -509.12297 -477.87731
  0.108   31.10418 -508.09703 -476.99286
  0.107   30.96347 -507.07419 -476.11072
  0.106   30.82354 -506.05444 -475.23089
  0.105   30.68438 -505.03775 -474.35337
  0.104   30.54599 -504.02413 -473.47814
  0.103   30.40836 -503.01355 -472.60519
  0.102   30.27149 -502.00602 -471.73452
  0.101   30.13537 -501.00150 -470.86613
  0.100   30.00000 -500.00000 -470.00000
  0.099   29.86537 -499.00150 -469.13613
  0.098   29.73148 -498.00598 -468.27451
  0.097   29.59832 -497.01345 -467.41513
  0.096   29.46589 -496.02387 -466.55798
  0.095   29.33418 -495.03725 -465.70307
  0.094   29.20319 -494.05357 -464.85038
  0.093   29.07292 -493.07282 -463.99990
  0.092   28.94335 -492.09499 -463.15163
  0.091   28.81449 -491.12006 -462.30556
  0.090   28.68634 -490.14802 -461.46169
  0.089   28.55887 -489.17887 -460.62000
  0.088   28.43210 -488.21260 -459.78049
  0.087   28.30602 -487.24918 -458.94316
  0.086   28.18061 -486.28861 -458.10799
  0.085   28.05589 -485.33087 -457.27498
  0.084   27.93184 -484.37597 -456.44413
  0.083   27.80846 -483.42388 -455.61542
  0.082   27.68575 -482.47459 -454.78885
  0.081   27.56369 -481.52810 -453.96441
  0.080   27.44230 -480.58439 -453.14209
  0.079   27.32156 -479.64345 -452.32190
  0.078   27.20146 -478.70527 -451.50381
  0.077   27.08201 -477.76985 -450.68784
  0.076   26.96320 -476.83716 -449.87396
  0.075   26.84503 -475.90720 -449.06217
  0.074   26.72749 -474.97996 -448.25247
  0.073   26.61057 -474.05542 -447.44485
  0.072   26.49429 -473.13358 -446.63930
  0.071   26.37862 -472.21443 -445.83581
  0.070   26.26357 -471.29795 -445.03439
  0.069   26.14913 -470.38414 -444.23501
  0.068   26.03530 -469.47299 -443.43769
  0.067   25.92208 -468.56448 -442.64240
  0.066   25.80945 -467.65860 -441.84915
  0.065   25.69743 -466.75535 -441.05792
  0.064   25.58600 -465.85471 -440.26872
  0.063   25.47516 -464.95668 -439.48152
  0.062   25.36490 -464.06124 -438.69634
  0.061   25.25523 -463.16839 -437.91316
  0.060   25.14613 -462.27811 -437.13197
  0.059   25.03762 -461.39039 -436.35277
  0.058   24.92967 -460.50523 -435.57556
  0.057   24.82229 -459.62261 -434.80032
  0.056   24.71548 -458.74253 -434.02705
  0.055   24.60923 -457.86498 -433.25575
  0.054   24.50353 -456.98994 -432.48640
  0.053   24.39839 -456.11740 -431.71901
  0.052   24.29380 -455.24736 -430.95356
  0.051   24.18976 -454.37981 -430.19005
  0.050   24.08626 -453.51474 -429.42848
  0.049   23.98331 -452.65213 -428.66883
  0.048   23.88089 -451.79199 -427.91110
  0.047   23.77900 -450.93429 -427.15529
  0.046   23.67765 -450.07903 -426.40139
  0.045   23.57682 -449.22621 -425.64939
  0.044   23.47651 -448.37580 -424.89929
  0.043   23.37673 -447.52781 -424.15108
  0.042   23.27747 -446.68222 -423.40475
  0.041   23.17872 -445.83903 -422.66031
  0.040   23.08048 -444.99822 -421.91774
  0.039   22.98275 -444.15979 -421.17704
  0.038   22.88553 -443.32372 -420.43819
  0.037   22.78881 -442.49002 -419.70121
  0.036   22.69258 -441.65866 -418.96608
  0.035   22.59686 -440.82964 -418.23279
  0.034   22.50162 -440.00296 -417.50133
  0.033   22.40688 -439.17860 -416.77172
  0.032   22.31262 -438.35655 -416.04393
  0.031   22.21885 -437.53681 -415.31796
  0.030   22.12556 -436.71936 -414.59380
  0.029   22.03275 -435.90421 -413.87146
  0.028   21.94041 -435.09133 -413.15093
  0.027   21.84854 -434.28073 -412.43219
  0.026   21.75715 -433.47239 -411.71524
  0.025   21.66622 -432.66631 -411.00009
  0.024   21.57576 -431.86247 -410.28671
  0.023   21.48575 -431.06087 -409.57511
  0.022   21.39621 -430.26150 -408.86529
  0.021   21.30712 -429.46435 -408.15723
  0.020   21.21848 -428.66941 -407.45093
  0.019   21.13030 -427.87668 -406.74638
  0.018   21.04256 -427.08614 -406.04358
  0.017   20.95527 -426.29780 -405.34253
  0.016   20.86842 -425.51164 -404.64322
  0.015   20.78200 -424.72764 -403.94564
  0.014   20.69603 -423.94582 -403.24979
  0.013   20.61049 -423.16615 -402.55566
  0.012   20.52538 -422.38862 -401.86324
  0.011   20.44070 -421.61324 -401.17254
  0.010   20.35645 -420.84000 -400.48355
  0.009   20.27262 -420.06887 -399.79625
  0.008   20.18921 -419.29987 -399.11066
  0.007   20.10622 -418.53297 -398.42675
  0.006   20.02365 -417.76818 -397.74453
  0.005   19.94150 -417.00548 -397.06399
  0.004   19.85975 -416.24487 -396.38512
  0.003   19.77841 -415.48634 -395.70793
  0.002   19.69748 -414.72988 -395.03240
  0.001   19.61696 -413.97548 -394.35852
 -0.000   19.53683 -413.22314 -393.68631
 -0.001   19.45711 -412.47285 -393.01574
 -0.002   19.37778 -411.72460 -392.34682
 -0.003   19.29885 -410.97838 -391.67953
 -0.004   19.22031 -410.23419 -391.01388
 -0.005   19.14216 -409.49203 -390.34986
 -0.006   19.06440 -408.75187 -389.68747
 -0.007   18.98703 -408.01372 -389.02669
 -0.008   18.91004 -407.27756 -388.36753
 -0.009   18.83342 -406.54340 -387.70997
 -0.010   18.75719 -405.81122 -387.05402
 -0.011   18.68134 -405.08101 -386.39967
 -0.012   18.60586 -404.35278 -385.74692
 -0.013   18.53075 -403.62650 -385.09575
 -0.014   18.45601 -402.90219 -384.44617
 -0.015   18.38164 -402.17981 -383.79817
 -0.016   18.30764 -401.45939 -383.15174
 -0.017   18.23400 -400.74089 -382.50689
 -0.018   18.16072 -400.02432 -381.86360
 -0.019   18.08780 -399.30967 -381.22187
 -0.020   18.01524 -398.59694 -380.58169
 -0.021   17.94304 -397.88611 -379.94307
 -0.022   17.87119 -397.17718 -379.30600
 -0.023   17.79969 -396.47015 -378.67046
 -0.024   17.72854 -395.76500 -378.03646
 -0.025   17.65773 -395.06173 -377.40400
 -0.026   17.58727 -394.36033 -376.77306
 -0.027   17.51716 -393.66080 -376.14364
 -0.028   17.44738 -392.96313 -375.51575
 -0.029   17.37795 -392.26731 -374.88936
 -0.030   17.30885 -391.57334 -374.26449
 -0.031   17.24009 -390.88121 -373.64112
 -0.032   17.17166 -390.19091 -373.01925
 -0.033   17.10357 -389.50244 -372.39888
 -0.034   17.03580 -388.81579 -371.77999
 -0.035   16.96836 -388.13096 -371.16260
 -0.036   16.90125 -387.44793 -370.54668
 -0.037   16.83446 -386.76670 -369.93224
 -0.038   16.76799 -386.08727 -369.31928
 -0.039   16.70185 -385.40962 -368.70778
 -0.040   16.63602 -384.73376 -368.09774
 -0.041   16.57051 -384.05968 -367.48917
 -0.042   16.50531 -383.38737 -366.88205
 -0.043   16.44043 -382.71681 -366.27638
 -0.044   16.37586 -382.04802 -365.67216
 -0.045   16.31160 -381.38098 -365.06938
 -0.046   16.24765 -380.71568 -364.46804
 -0.047   16.18400 -380.05213 -363.86813
 -0.048   16.12066 -379.39030 -363.26965
 -0.049   16.05762 -378.73021 -362.67259
 -0.050   15.99488 -378.07183 -362.07695
 -0.051   15.93244 -377.41517 -361.48273
 -0.052   15.87030 -376.76022 -360.88993
 -0.053   15.80845 -376.10698 -360.29852
 -0.054   15.74690 -375.45543 -359.70853
 -0.055   15.68564 -374.80557 -359.11993
 -0.056   15.62468 -374.15740 -358.53272
 -0.057   15.56400 -373.51091 -357.94691
 -0.058   15.50361 -372.86609 -357.36248
 -0.059   15.44350 -372.22294 -356.77944
 -0.060   15.38368 -371.58145 -356.19777
 -0.061   15.32415 -370.94162 -355.61748
 -0.062   15.26489 -370.30344 -355.03855
 -0.063   15.20591 -369.66691 -354.46099
 -0.064   15.14722 -369.03201 -353.88480
 -0.065   15.08880 -368.39875 -353.30996
 -0.066   15.03065 -367.76712 -352.73647
 -0.067   14.97278 -367.13712 -352.16434
 -0.068   14.91518 -366.50873 -351.59355
 -0.069   14.85785 -365.88195 -351.02410
 -0.070   14.80079 -365.25678 -350.45599
 -0.071   14.74400 -364.63320 -349.88921
 -0.072   14.68747 -364.01123 -349.32376
 -0.073   14.63121 -363.39084 -348.75964
 -0.074   14.57521 -362.77204 -348.19683
 -0.075   14.51947 -362.15482 -347.63535
 -0.076   14.46400 -361.53917 -347.07518
 -0.077   14.40878 -360.92509 -346.51632
 -0.078   14.35382 -360.31258 -345.95876
 -0.079   14.29911 -359.70162 -345.40251
 -0.080   14.24466 -359.09221 -344.84755
 -0.081   14.19047 -358.48436 -344.29389
 -0.082   14.13652 -357.87804 -343.74152
 -0.083   14.08283 -357.27326 -343.19043
 -0.084   14.02938 -356.67001 -342.64063
 -0.085   13.97619 -356.06829 -342.09211
 -0.086   13.92324 -355.46809 -341.54486
 -0.087   13.87053 -354.86941 -340.99888
 -0.088   13.81807 -354.27224 -340.45417
 -0.089   13.76585 -353.67657 -339.91073
 -0.090   13.71387 -353.08241 -339.36854
 -0.091   13.66213 -352.48974 -338.82761
 -0.092   13.61063 -351.89856 -338.28794
 -0.093   13.55936 -351.30887 -337.74951
 -0.094   13.50833 -350.72066 -337.21233
 -0.095   13.45754 -350.13393 -336.67639
 -0.096   13.40698 -349.54866 -336.14168
 -0.097   13.35665 -348.96487 -335.60821
 -0.098   13.30655 -348.38253 -335.07598
 -0.099   13.25668 -347.80165 -334.54497
 -0.100   13.20704 -347.22222 -334.01518
 -0.101   13.15763 -346.64424 -333.48661
 -0.102   13.10844 -346.06770 -332.95926
 -0.103   13.05948 -345.49260 -332.43312
 -0.104   13.01074 -344.91893 -331.90819
 -0.105   12.96222 -344.34669 -331.38446
 -0.106   12.91393 -343.77587 -330.86194
 -0.107   12.86585 -343.20647 -330.34062
 -0.108   12.81799 -342.63848 -329.82049
 -0.109   12.77035 -342.07190 -329.30155
 -0.110   12.72293 -341.50673 -328.78380
 -0.111   12.67572 -340.94295 -328.26723
 -0.112   12.62872 -340.38057 -327.75185
 -0.113   12.58194 -339.81958 -327.23764
 -0.114   12.53537 -339.25998 -326.72461
 -0.115   12.48901 -338.70176 -326.21275
 -0.116   12.44286 -338.14491 -325.70205
 -0.117   12.39692 -337.58944 -325.19252
 -0.118   12.35118 -337.03533 -324.68415
 -0.119   12.30565 -336.48259 -324.17694
 -0.120   12.26033 -335.93120 -323.67088
 -0.121   12.21521 -335.38117 -323.16597
 -0.122   12.17029 -334.83249 -322.66220
 -0.123   12.12557 -334.28515 -322.15958
 -0.124   12.08106 -333.73916 -321.65810
 -0.125   12.03674 -333.19450 -321.15776
 -0.126   11.99262 -332.65118 -320.65855
 -0.127   11.94870 -332.10918 -320.16048
 -0.128   11.90498 -331.56850 -319.66353
 -0.129   11.86145 -331.02915 -319.16770
 -0.130   11.81812 -330.49111 -318.67299
 -0.131   11.77498 -329.95438 -318.17940
 -0.132   11.73203 -329.41896 -317.68693
 -0.133   11.68927 -328.88484 -317.19557
 -0.134   11.64670 -328.35201 -316.70531
 -0.135   11.60433 -327.82049 -316.21616
 -0.136   11.56214 -327.29025 -315.72811
 -0.137   11.52014 -326.76129 -315.24116
 -0.138   11.47832 -326.23362 -314.75530
 -0.139   11.43669 -325.70722 -314.27053
 -0.140   11.39525 -325.18210 -313.78686
 -0.141   11.35398 -324.65825 -313.30427
 -0.142   11.31290 -324.13566 -312.82276
 -0.143   11.27201 -323.61433 -312.34233
 -0.144   11.23129 -323.09426 -311.86297
 -0.145   11.19075 -322.57544 -311.38469
 -0.146   11.15039 -322.05787 -310.90748
 -0.147   11.11021 -321.54155 -310.43134
 -0.148   11.07020 -321.02646 -309.95626
 -0.149   11.03038 -320.51262 -309.48224
 -0.150   10.99072 -320.00000 -309.00928
 -0.151   10.95124 -319.48861 -308.53737
 -0.152   10.91194 -318.97845 -308.06652
 -0.153   10.87280 -318.46951 -307.59671
 -0.154   10.83384 -317.96179 -307.12795
 -0.155   10.79505 -317.45528 -306.66023
 -0.156   10.75642 -316.94998 -306.19355
 -0.157   10.71797 -316.44588 -305.72791
 -0.158   10.67968 -315.94299 -305.26331
 -0.159   10.64156 -315.44129 -304.79973
 -0.160   10.60361 -314.94079 -304.33718
 -0.161   10.56582 -314.44148 -303.87566
 -0.162   10.52820 -313.94335 -303.41515
 -0.163   10.49074 -313.44641 -302.95567
 -0.164   10.45344 -312.95065 -302.49720
 -0.165   10.41631 -312.45606 -302.03975
 -0.166   10.37934 -311.96264 -301.58331
 -0.167   10.34252 -311.47040 -301.12787
 -0.168   10.30587 -310.97931 -300.67344
 -0.169   10.26937 -310.48939 -300.22001
 -0.170   10.23304 -310.00062 -299.76758
 -0.171   10.19686 -309.51301 -299.31615
 -0.172   10.16083 -309.02654 -298.86571
 -0.173   10.12496 -308.54122 -298.41626
 -0.174   10.08925 -308.05705 -297.96780
 -0.175   10.05369 -307.57401 -297.52032
 -0.176   10.01828 -307.09211 -297.07383
 -0.177    9.98303 -306.61134 -296.62831
 -0.178    9.94792 -306.13170 -296.18377
 -0.179    9.91297 -305.65318 -295.74021
 -0.180    9.87817 -305.17578 -295.29761
 -0.181    9.84351 -304.69950 -294.85599
 -0.182    9.80901 -304.22434 -294.41533
 -0.183    9.77465 -303.75028 -293.97563
 -0.184    9.74044 -303.27734 -293.53689
 -0.185    9.70638 -302.80549 -293.09912
 -0.186    9.67246 -302.33475 -292.66229
 -0.187    9.63869 -301.86510 -292.22642
 -0.188    9.60506 -301.39655 -291.79150
 -0.189    9.57157 -300.92909 -291.35752
 -0.190    9.53822 -300.46271 -290.92449
 -0.191    9.50502 -299.99742 -290.49240
 -0.192    9.47196 -299.53321 -290.06125
 -0.193    9.43904 -299.07007 -289.63103
 -0.194    9.40626 -298.60801 -289.20175
 -0.195    9.37362 -298.14702 -288.77340
 -0.196    9.34112 -297.68709 -288.34597
 -0.197    9.30875 -297.22823 -287.91948
 -0.198    9.27652 -296.77043 -287.49390
 -0.199    9.24443 -296.31368 -287.06925
 -0.200    9.21247 -295.85799 -286.64552
 -0.201    9.18065 -295.40335 -286.22270
 -0.202    9.14896 -294.94975 -285.80079
 -0.203    9.11741 -294.49720 -285.37979
 -0.204    9.08599 -294.04569 -284.95971
 -0.205    9.05470 -293.59522 -284.54052
 -0.206    9.02354 -293.14578 -284.12224
 -0.207    8.99251 -292.69738 -283.70486
 -0.208    8.96162 -292.25000 -283.28838
 -0.209    8.93085 -291.80364 -282.87279
 -0.210    8.90021 -291.35831 -282.45810
 -0.211    8.86970 -290.91400 -282.04430
 -0.212    8.83932 -290.47070 -281.63138
 -0.213    8.80907 -290.02842 -281.21935
 -0.214    8.77894 -289.58714 -280.80820
 -0.215    8.74894 -289.14687 -280.39793
 -0.216    8.71906 -288.70761 -279.98854
 -0.217    8.68931 -288.26934 -279.58003
 -0.218    8.65968 -287.83207 -279.17239
 -0.219    8.63018 -287.39580 -278.76562
 -0.220    8.60079 -286.96051 -278.35972
 -0.221    8.57153 -286.52622 -277.95468
 -0.222    8.54240 -286.09291 -277.55051
 -0.223    8.51338 -285.66058 -277.14720
 -0.224    8.48448 -285.22923 -276.74475
 -0.225    8.45570 -284.79886 -276.34316
 -0.226    8.42705 -284.36946 -275.94242
 -0.227    8.39851 -283.94103 -275.54253
 -0.228    8.37009 -283.51357 -275.14349
 -0.229    8.34178 -283.08708 -274.74529
 -0.230    8.31360 -282.66154 -274.34795
 -0.231    8.28552 -282.23697 -273.95144
 -0.232    8.25757 -281.81334 -273.55578
 -0.233    8.22973 -281.39068 -273.16095
 -0.234    8.20200 -280.96896 -272.76696
 -0.235    8.17439 -280.54819 -272.37380
 -0.236    8.14690 -280.12837 -271.98147
 -0.237    8.11951 -279.70948 -271.58997
 -0.238    8.09224 -279.29154 -271.19930
 -0.239    8.06508 -278.87453 -270.80945
 -0.240    8.03803 -278.45845 -270.42042
 -0.241    8.01109 -278.04331 -270.03222
 -0.242    7.98426 -277.62909 -269.64483
 -0.243    7.95755 -277.21580 -269.25825
 -0.244    7.93094 -276.80343 -268.87249
 -0.245    7.90444 -276.39198 -268.48754
 -0.246    7.87805 -275.98145 -268.10340
 -0.247    7.85176 -275.57183 -267.72006
 -0.248    7.82558 -275.16312 -267.33753
 -0.249    7.79951 -274.75532 -266.95580
 -0.250    7.77355 -274.34842 -266.57487
 -0.251    7.74769 -273.94243 -266.19474
 -0.252    7.72194 -273.53734 -265.81541
 -0.253    7.69629 -273.13315 -265.43686
 -0.254    7.67074 -272.72985 -265.05911
 -0.255    7.64530 -272.32745 -264.68215
 -0.256    7.61996 -271.92593 -264.30597
 -0.257    7.59472 -271.52530 -263.93058
 -0.258    7.56959 -271.12556 -263.55597
 -0.259    7.54456 -270.72670 -263.18214
 -0.260    7.51962 -270.32872 -262.80910
 -0.261    7.49479 -269.93162 -262.43682
 -0.262    7.47006 -269.53539 -262.06532
 -0.263    7.44543 -269.14003 -261.69460
 -0.264    7.42090 -268.74554 -261.32464
 -0.265    7.39647 -268.35192 -260.95545
 -0.266    7.37213 -267.95916 -260.58703
 -0.267    7.34789 -267.56726 -260.21937
 -0.268    7.32376 -267.17623 -259.85247
 -0.269    7.29971 -266.78604 -259.48633
 -0.270    7.27577 -266.39672 -259.12095
 -0.271    7.25192 -266.00824 -258.75633
 -0.272    7.22816 -265.62062 -258.39246
 -0.273    7.20450 -265.23384 -258.02934
 -0.274    7.18093 -264.84790 -257.66697
 -0.275    7.15746 -264.46281 -257.30535
 -0.276    7.13409 -264.07856 -256.94447
 -0.277    7.11080 -263.69514 -256.58434
 -0.278    7.08761 -263.31256 -256.22495
 -0.279    7.06451 -262.93081 -255.86630
 -0.280    7.04150 -262.54988 -255.50838
 -0.281    7.01859 -262.16979 -255.15120
 -0.282    6.99576 -261.79052 -254.79476
 -0.283    6.97303 -261.41207 -254.43905
 -0.284    6.95038 -261.03445 -254.08406
 -0.285    6.92783 -260.65764 -253.72981
 -0.286    6.90537 -260.28165 -253.37628
 -0.287    6.88299 -259.90646 -253.02347
 -0.288    6.86070 -259.53209 -252.67139
 -0.289    6.83850 -259.15853 -252.32003
 -0.290    6.81639 -258.78578 -251.96938
 -0.291    6.79437 -258.41382 -251.61946
 -0.292    6.77243 -258.04267 -251.27024
 -0.293    6.75058 -257.67232 -250.92174
 -0.294    6.72882 -257.30277 -250.57395
 -0.295    6.70714 -256.93401 -250.22687
 -0.296    6.68555 -256.56604 -249.88049
 -0.297    6.66404 -256.19886 -249.53482
 -0.298    6.64261 -255.83247 -249.18986
 -0.299    6.62127 -255.46686 -248.84559
 -0.300    6.60002 -255.10204 -248.50202
 -0.301    6.57884 -254.73800 -248.15915
 -0.302    6.55776 -254.37474 -247.81698
 -0.303    6.53675 -254.01225 -247.47550
 -0.304    6.51582 -253.65054 -247.13472
 -0.305    6.49498 -253.28960 -246.79462
 -0.306    6.47422 -252.92943 -246.45521
 -0.307    6.45354 -252.57003 -246.11649
 -0.308    6.43294 -252.21139 -245.77845
 -0.309    6.41242 -251.85352 -245.44110
 -0.310    6.39198 -251.49640 -245.10443
 -0.311    6.37162 -251.14005 -244.76843
 -0.312    6.35134 -250.78445 -244.43312
 -0.313    6.33113 -250.42961 -244.09848
 -0.314    6.31101 -250.07552 -243.76451
 -0.315    6.29097 -249.72218 -243.43122
 -0.316    6.27100 -249.36959 -243.09860
 -0.317    6.25111 -249.01775 -242.76664
 -0.318    6.23129 -248.66665 -242.43536
 -0.319    6.21156 -248.31629 -242.10473
 -0.320    6.19190 -247.96667 -241.77478
 -0.321    6.17231 -247.61779 -241.44548
 -0.322    6.15280 -247.26965 -241.11684
 -0.323    6.13337 -246.92224 -240.78887
 -0.324    6.11401 -246.57556 -240.46155
 -0.325    6.09473 -246.22961 -240.13488
 -0.326    6.07552 -245.88439 -239.80887
 -0.327    6.05638 -245.53989 -239.48351
 -0.328    6.03732 -245.19612 -239.15880
 -0.329    6.01833 -244.85307 -238.83473
 -0.330    5.99942 -244.51073 -238.51132
 -0.331    5.98057 -244.16912 -238.18854
 -0.332    5.96180 -243.82822 -237.86642
 -0.333    5.94310 -243.48803 -237.54493
 -0.334    5.92448 -243.14856 -237.22408
 -0.335    5.90592 -242.80979 -236.90387
 -0.336    5.88744 -242.47174 -236.58430
 -0.337    5.86902 -242.13439 -236.26536
 -0.338    5.85068 -241.79774 -235.94706
 -0.339    5.83241 -241.46179 -235.62939
 -0.340    5.81420 -241.12654 -235.31234
 -0.341    5.79607 -240.79199 -234.99593
 -0.342    5.77800 -240.45814 -234.68014
 -0.343    5.76000 -240.12498 -234.36498
 -0.344    5.74208 -239.79251 -234.05044
 -0.345    5.72422 -239.46073 -233.73652
 -0.346    5.70642 -239.12964 -233.42322
 -0.347    5.68870 -238.79924 -233.11054
 -0.348    5.67104 -238.46952 -232.79848
 -0.349    5.65345 -238.14048 -232.48704
 -0.350    5.63593 -237.81213 -232.17620
 -0.351    5.61847 -237.48445 -231.86598
 -0.352    5.60108 -237.15745 -231.55637
 -0.353    5.58375 -236.83112 -231.24737
 -0.354    5.56649 -236.50547 -230.93898
 -0.355    5.54929 -236.18049 -230.63119
 -0.356    5.53216 -235.85618 -230.32401
 -0.357    5.51510 -235.53253 -230.01743
 -0.358    5.49810 -235.20955 -229.71146
 -0.359    5.48116 -234.88724 -229.40608
 -0.360    5.46429 -234.56558 -229.10130
 -0.361    5.44748 -234.24459 -228.79712
 -0.362    5.43073 -233.92426 -228.49353
 -0.363    5.41404 -233.60458 -228.19054
 -0.364    5.39742 -233.28556 -227.88813
 -0.365    5.38086 -232.96719 -227.58632
 -0.366    5.36437 -232.64947 -227.28510
 -0.367    5.34793 -232.33240 -226.98447
 -0.368    5.33156 -232.01598 -226.68442
 -0.369    5.31524 -231.70020 -226.38496
 -0.370    5.29899 -231.38507 -226.08608
 -0.371    5.28280 -231.07058 -225.78778
 -0.372    5.26667 -230.75673 -225.49006
 -0.373    5.25060 -230.44353 -225.19293
 -0.374    5.23459 -230.13095 -224.89636
 -0.375    5.21864 -229.81902 -224.60038
 -0.376    5.20275 -229.50772 -224.30497
 -0.377    5.18691 -229.19704 -224.01013
 -0.378    5.17114 -228.88700 -223.71586
 -0.379    5.15542 -228.57759 -223.42217
 -0.380    5.13977 -228.26881 -223.12904
 -0.381    5.12417 -227.96065 -222.83648
 -0.382    5.10863 -227.65311 -222.54449
 -0.383    5.09315 -227.34620 -222.25306
 -0.384    5.07772 -227.03991 -221.96219
 -0.385    5.06235 -226.73423 -221.67188
 -0.386    5.04704 -226.42918 -221.38214
 -0.387    5.03178 -226.12473 -221.09295
 -0.388    5.01658 -225.82090 -220.80432
 -0.389    5.00144 -225.51769 -220.51625
 -0.390    4.98635 -225.21508 -220.22873
 -0.391    4.97132 -224.91308 -219.94176
 -0.392    4.95635 -224.61169 -219.65535
 -0.393    4.94142 -224.31091 -219.36948
 -0.394    4.92656 -224.01072 -219.08417
 -0.395    4.91175 -223.71114 -218.79940
 -0.396    4.89699 -223.41217 -218.51518
 -0.397    4.88229 -223.11378 -218.23150
 -0.398    4.86764 -222.81600 -217.94837
 -0.399    4.85304 -222.51882 -217.66577
 -0.400    4.83850 -222.22222 -217.38372
