  0.200 41926.27458 -12500.00000 29426.27458
  0.201 40995.76513 -12375.93129 28619.83384
  0.202 40090.37256 -12253.70062 27836.67195
  0.203 39209.29956 -12133.27186 27076.02770
  0.204 38351.77787 -12014.60977 26337.16810
  0.205 37517.06710 -11897.67995 25619.38714
  0.206 36704.45358 -11782.44886 24922.00471
  0.207 35913.24929 -11668.88375 24244.36554
  0.208 35142.79081 -11556.95266 23585.83815
  0.209 34392.43833 -11446.62439 22945.81394
  0.210 33661.57469 -11337.86848 22323.70621
  0.211 32949.60449 -11230.65520 21718.94929
  0.212 32255.95322 -11124.95550 21130.99772
  0.213 31580.06643 -11020.74103 20559.32540
  0.214 30921.40896 -10917.98410 20003.42485
  0.215 30279.46414 -10816.65765 19462.80649
  0.216 29653.73311 -10716.73525 18936.99786
  0.217 29043.73412 -10618.19108 18425.54304
  0.218 28449.00185 -10520.99992 17928.00193
  0.219 27869.08678 -10425.13709 17443.94969
  0.220 27303.55462 -10330.57851 16972.97611
  0.221 26751.98567 -10237.30063 16514.68504
  0.222 26213.97432 -10145.28042 16068.69391
  0.223 25689.12849 -10054.49536 15634.63313
  0.224 25177.06912 -9964.92347 15212.14565
  0.225 24677.42969 -9876.54321 14800.88648
  0.226 24189.85575 -9789.33354 14400.52221
  0.227 23714.00447 -9703.27388 14010.73058
  0.228 23249.54421 -9618.34411 13631.20010
  0.229 22796.15410 -9534.52451 13261.62959
  0.230 22353.52369 -9451.79584 12901.72784
  0.231 21921.35248 -9370.13924 12551.21324
  0.232 21499.34964 -9289.53627 12209.81338
  0.233 21087.23365 -9209.96887 11877.26478
  0.234 20684.73191 -9131.41939 11553.31252
  0.235 20291.58046 -9053.87053 11237.70993
  0.236 19907.52370 -8977.30537 10930.21832
  0.237 19532.31401 -8901.70735 10630.60667
  0.238 19165.71157 -8827.06024 10338.65133
  0.239 18807.48398 -8753.34816 10054.13582
  0.240 18457.40607 -8680.55556 9776.85052
  0.241 18115.25964 -8608.66721 9506.59244
  0.242 17780.83320 -8537.66819 9243.16500
  0.243 17453.92171 -8467.54390 8986.37780
  0.244 17134.32642 -8398.28003 8736.04639
  0.245 16821.85461 -8329.86256 8491.99205
  0.246 16516.31940 -8262.27774 8254.04165
  0.247 16217.53952 -8195.51214 8022.02739
  0.248 15925.33919 -8129.55255 7795.78664
  0.249 15639.54784 -8064.38606 7575.16178
  0.250 15360.00000 -8000.00000 7360.00000
  0.251 15086.53512 -7936.38196 7150.15316
  0.252 14818.99738 -7873.51978 6945.47760
  0.253 14557.23555 -7811.40152 6745.83403
  0.254 14301.10285 -7750.01550 6551.08735
  0.255 14050.45676 -7689.35025 6361.10651
  0.256 13805.15893 -7629.39453 6175.76440
  0.257 13565.07501 -7570.13732 5994.93769
  0.258 13330.07454 -7511.56781 5818.50672
  0.259 13100.03079 -7453.67541 5646.35538
  0.260 12874.82068 -7396.44970 5478.37097
  0.261 12654.32464 -7339.88051 5314.44413
  0.262 12438.42649 -7283.95781 5154.46868
  0.263 12227.01335 -7228.67180 4998.34155
  0.264 12019.97554 -7174.01286 4845.96268
  0.265 11817.20643 -7119.97152 4697.23491
  0.266 11618.60240 -7066.53853 4552.06387
  0.267 11424.06271 -7013.70478 4410.35794
  0.268 11233.48945 -6961.46135 4272.02810
  0.269 11046.78737 -6909.79948 4136.98789
  0.270 10863.86389 -6858.71056 4005.15333
  0.271 10684.62897 -6808.18616 3876.44281
  0.272 10508.99503 -6758.21799 3750.77703
  0.273 10336.87687 -6708.79792 3628.07895
  0.274 10168.19162 -6659.91795 3508.27367
  0.275 10002.85866 -6611.57025 3391.28842
  0.276 9840.79955 -6563.74711 3277.05243
  0.277 9681.93793 -6516.44098 3165.49695
  0.278 9526.19952 -6469.64443 3056.55509
  0.279 9373.51201 -6423.35016 2950.16184
  0.280 9223.80501 -6377.55102 2846.25399
  0.281 9077.01003 -6332.23997 2744.77006
  0.282 8933.06034 -6287.41009 2645.65025
  0.283 8791.89099 -6243.05460 2548.83639
  0.284 8653.43876 -6199.16683 2454.27193
  0.285 8517.64204 -6155.74023 2361.90181
  0.286 8384.44086 -6112.76835 2271.67251
  0.287 8253.77678 -6070.24487 2183.53191
  0.288 8125.59290 -6028.16358 2097.42932
  0.289 7999.83376 -5986.51836 2013.31540
  0.290 7876.44535 -5945.30321 1931.14214
  0.291 7755.37503 -5904.51223 1850.86281
  0.292 7636.57152 -5864.13961 1772.43190
  0.293 7519.98481 -5824.17966 1695.80514
  0.294 7405.56619 -5784.62678 1620.93941
  0.295 7293.26817 -5745.47544 1547.79273
  0.296 7183.04447 -5706.72023 1476.32423
  0.297 7074.84994 -5668.35584 1406.49410
  0.298 6968.64059 -5630.37701 1338.26358
  0.299 6864.37352 -5592.77860 1271.59491
  0.300 6762.00688 -5555.55556 1206.45133
  0.301 6661.49988 -5518.70288 1142.79700
  0.302 6562.81272 -5482.21569 1080.59703
  0.303 6465.90659 -5446.08916 1019.81743
  0.304 6370.74363 -5410.31856  960.42507
  0.305 6277.28689 -5374.89922  902.38767
  0.306 6185.50035 -5339.82656  845.67378
  0.307 6095.34883 -5305.09608  790.25276
  0.308 6006.79804 -5270.70332  736.09472
  0.309 5919.81449 -5236.64394  683.17055
  0.310 5834.36550 -5202.91363  631.45187
  0.311 5750.41918 -5169.50817  580.91101
  0.312 5667.94440 -5136.42341  531.52100
  0.313 5586.91078 -5103.65524  483.25554
  0.314 5507.28864 -5071.19964  436.08899
  0.315 5429.04902 -5039.05266  389.99636
  0.316 5352.16364 -5007.21038  344.95325
  0.317 5276.60488 -4975.66898  300.93590
  0.318 5202.34578 -4944.42467  257.92111
  0.319 5129.36000 -4913.47373  215.88627
  0.320 5057.62182 -4882.81250  174.80932
  0.321 4987.10611 -4852.43738  134.66873
  0.322 4917.78833 -4822.34482   95.44351
  0.323 4849.64450 -4792.53132   57.11318
  0.324 4782.65120 -4762.99345   19.65775
  0.325 4716.78554 -4733.72781  -16.94227
  0.326 4652.02515 -4704.73108  -52.70592
  0.327 4588.34820 -4675.99996  -87.65177
  0.328 4525.73330 -4647.53123 -121.79793
  0.329 4464.15961 -4619.32170 -155.16209
  0.330 4403.60671 -4591.36823 -187.76151
  0.331 4344.05468 -4563.66773 -219.61305
  0.332 4285.48400 -4536.21716 -250.73316
  0.333 4227.87564 -4509.01352 -281.13788
  0.334 4171.21095 -4482.05386 -310.84290
  0.335 4115.47173 -4455.33526 -339.86353
  0.336 4060.64017 -4428.85488 -368.21471
  0.337 4006.69884 -4402.60987 -395.91102
  0.338 3953.63073 -4376.59746 -422.96673
  0.339 3901.41916 -4350.81491 -449.39574
  0.340 3850.04786 -4325.25952 -475.21166
  0.341 3799.50088 -4299.92862 -500.42774
  0.342 3749.76264 -4274.81960 -525.05697
  0.343 3700.81789 -4249.92988 -549.11199
  0.344 3652.65171 -4225.25690 -572.60518
  0.345 3605.24951 -4200.79815 -595.54864
  0.346 3558.59702 -4176.55117 -617.95416
  0.347 3512.68024 -4152.51352 -639.83327
  0.348 3467.48553 -4128.68279 -661.19726
  0.349 3422.99948 -4105.05661 -682.05713
  0.350 3379.20902 -4081.63265 -702.42364
  0.351 3336.10131 -4058.40862 -722.30731
  0.352 3293.66382 -4035.38223 -741.71841
  0.353 3251.88426 -4012.55126 -760.66700
  0.354 3210.75062 -3989.91350 -779.16287
  0.355 3170.25113 -3967.46677 -797.21564
  0.356 3130.37426 -3945.20894 -814.83468
  0.357 3091.10873 -3923.13788 -832.02915
  0.358 3052.44351 -3901.25152 -848.80802
  0.359 3014.36776 -3879.54780 -865.18004
  0.360 2976.87090 -3858.02469 -881.15379
  0.361 2939.94257 -3836.68020 -896.73763
  0.362 2903.57259 -3815.51235 -911.93976
  0.363 2867.75101 -3794.51920 -926.76818
  0.364 2832.46811 -3773.69883 -941.23072
  0.365 2797.71431 -3753.04935 -955.33504
  0.366 2763.48028 -3732.56890 -969.08862
  0.367 2729.75686 -3712.25564 -982.49878
  0.368 2696.53506 -3692.10775 -995.57269
  0.369 2663.80609 -3672.12344 -1008.31735
  0.370 2631.56133 -3652.30095 -1020.73962
  0.371 2599.79235 -3632.63853 -1032.84618
  0.372 2568.49086 -3613.13447 -1044.64360
  0.373 2537.64877 -3593.78706 -1056.13829
  0.374 2507.25811 -3574.59464 -1067.33653
  0.375 2477.31111 -3555.55556 -1078.24445
  0.376 2447.80012 -3536.66818 -1088.86805
  0.377 2418.71768 -3517.93089 -1099.21322
  0.378 2390.05643 -3499.34212 -1109.28569
  0.379 2361.80920 -3480.90030 -1119.09110
  0.380 2333.96893 -3462.60388 -1128.63495
  0.381 2306.52871 -3444.45133 -1137.92263
  0.382 2279.48176 -3426.44116 -1146.95940
  0.383 2252.82145 -3408.57188 -1155.75043
  0.384 2226.54125 -3390.84201 -1164.30077
  0.385 2200.63478 -3373.25013 -1172.61535
  0.386 2175.09577 -3355.79479 -1180.69902
  0.387 2149.91808 -3338.47458 -1188.55650
  0.388 2125.09569 -3321.28813 -1196.19244
  0.389 2100.62267 -3304.23405 -1203.61137
  0.390 2076.49325 -3287.31098 -1210.81773
  0.391 2052.70172 -3270.51759 -1217.81587
  0.392 2029.24252 -3253.85256 -1224.61004
  0.393 2006.11016 -3237.31458 -1231.20442
  0.394 1983.29929 -3220.90237 -1237.60308
  0.395 1960.80463 -3204.61465 -1243.81001
  0.396 1938.62102 -3188.45016 -1249.82914
  0.397 1916.74339 -3172.40767 -1255.66428
  0.398 1895.16676 -3156.48595 -1261.31919
  0.399 1873.88625 -3140.68379 -1266.79754
  0.400 1852.89707 -3125.00000 -1272.10293
  0.401 1832.19451 -3109.43340 -1277.23889
  0.402 1811.77397 -3093.98282 -1282.20885
  0.403 1791.63091 -3078.64712 -1287.01621
  0.404 1771.76089 -3063.42515 -1291.66426
  0.405 1752.15955 -3048.31581 -1296.15625
  0.406 1732.82260 -3033.31796 -1300.49536
  0.407 1713.74584 -3018.43054 -1304.68470
  0.408 1694.92514 -3003.65244 -1308.72730
  0.409 1676.35645 -2988.98261 -1312.62616
  0.410 1658.03578 -2974.41999 -1316.38420
  0.411 1639.95925 -2959.96353 -1320.00429
  0.412 1622.12300 -2945.61222 -1323.48921
  0.413 1604.52328 -2931.36502 -1326.84174
  0.414 1587.15638 -2917.22094 -1330.06456
  0.415 1570.01868 -2903.17898 -1333.16030
  0.416 1553.10661 -2889.23817 -1336.13156
  0.417 1536.41666 -2875.39752 -1338.98087
  0.418 1519.94540 -2861.65610 -1341.71070
  0.419 1503.68945 -2848.01294 -1344.32350
  0.420 1487.64548 -2834.46712 -1346.82164
  0.421 1471.81025 -2821.01771 -1349.20746
  0.422 1456.18055 -2807.66380 -1351.48325
  0.423 1440.75323 -2794.40448 -1353.65126
  0.424 1425.52520 -2781.23888 -1355.71367
  0.425 1410.49344 -2768.16609 -1357.67265
  0.426 1395.65495 -2755.18526 -1359.53031
  0.427 1381.00680 -2742.29552 -1361.28872
  0.428 1366.54612 -2729.49603 -1362.94990
  0.429 1352.27008 -2716.78593 -1364.51585
  0.430 1338.17590 -2704.16441 -1365.98851
  0.431 1324.26085 -2691.63064 -1367.36980
  0.432 1310.52224 -2679.18381 -1368.66158
  0.433 1296.95743 -2666.82312 -1369.86569
  0.434 1283.56383 -2654.54777 -1370.98394
  0.435 1270.33890 -2642.35698 -1372.01808
  0.436 1257.28013 -2630.24998 -1372.96985
  0.437 1244.38506 -2618.22599 -1373.84093
  0.438 1231.65127 -2606.28427 -1374.63301
  0.439 1219.07637 -2594.42406 -1375.34769
  0.440 1206.65804 -2582.64463 -1375.98659
  0.441 1194.39397 -2570.94523 -1376.55126
  0.442 1182.28190 -2559.32516 -1377.04325
  0.443 1170.31962 -2547.78368 -1377.46406
  0.444 1158.50494 -2536.32010 -1377.81517
  0.445 1146.83570 -2524.93372 -1378.09802
  0.446 1135.30981 -2513.62384 -1378.31403
  0.447 1123.92518 -2502.38978 -1378.46460
  0.448 1112.67977 -2491.23087 -1378.55110
  0.449 1101.57157 -2480.14643 -1378.57485
  0.450 1090.59862 -2469.13580 -1378.53719
  0.451 1079.75896 -2458.19834 -1378.43938
  0.452 1069.05069 -2447.33339 -1378.28270
  0.453 1058.47193 -2436.54031 -1378.06838
  0.454 1048.02084 -2425.81847 -1377.79764
  0.455 1037.69559 -2415.16725 -1377.47166
  0.456 1027.49440 -2404.58603 -1377.09163
  0.457 1017.41551 -2394.07419 -1376.65868
  0.458 1007.45720 -2383.63113 -1376.17393
  0.459  997.61775 -2373.25625 -1375.63850
  0.460  987.89551 -2362.94896 -1375.05345
  0.461  978.28882 -2352.70867 -1374.41985
  0.462  968.79606 -2342.53481 -1373.73875
  0.463  959.41564 -2332.42680 -1373.01115
  0.464  950.14600 -2322.38407 -1372.23807
  0.465  940.98558 -2312.40606 -1371.42048
  0.466  931.93287 -2302.49222 -1370.55935
  0.467  922.98638 -2292.64199 -1369.65562
  0.468  914.14464 -2282.85485 -1368.71021
  0.469  905.40620 -2273.13024 -1367.72404
  0.470  896.76963 -2263.46763 -1366.69800
  0.471  888.23355 -2253.86651 -1365.63296
  0.472  879.79656 -2244.32634 -1364.52978
  0.473  871.45732 -2234.84662 -1363.38930
  0.474  863.21448 -2225.42684 -1362.21236
  0.475  855.06674 -2216.06648 -1360.99975
  0.476  847.01279 -2206.76506 -1359.75227
  0.477  839.05137 -2197.52207 -1358.47071
  0.478  831.18122 -2188.33704 -1357.15582
  0.479  823.40110 -2179.20947 -1355.80837
  0.480  815.70981 -2170.13889 -1354.42908
  0.481  808.10615 -2161.12482 -1353.01867
  0.482  800.58893 -2152.16680 -1351.57787
  0.483  793.15701 -2143.26436 -1350.10735
  0.484  785.80923 -2134.41705 -1348.60782
  0.485  778.54448 -2125.62440 -1347.07992
  0.486  771.36165 -2116.88598 -1345.52433
  0.487  764.25965 -2108.20132 -1343.94168
  0.488  757.23740 -2099.57001 -1342.33261
  0.489  750.29385 -2090.99159 -1340.69774
  0.490  743.42797 -2082.46564 -1339.03767
  0.491  736.63872 -2073.99173 -1337.35301
  0.492  729.92509 -2065.56944 -1335.64435
  0.493  723.28610 -2057.19834 -1333.91224
  0.494  716.72076 -2048.87803 -1332.15727
  0.495  710.22811 -2040.60810 -1330.37999
  0.496  703.80721 -2032.38814 -1328.58093
  0.497  697.45711 -2024.21774 -1326.76063
  0.498  691.17690 -2016.09651 -1324.91962
  0.499  684.96566 -2008.02406 -1323.05840
  0.500  678.82251 -2000.00000 -1321.17749
  0.501  672.74656 -1992.02394 -1319.27737
  0.502  666.73696 -1984.09549 -1317.35854
  0.503  660.79283 -1976.21428 -1315.42145
  0.504  654.91335 -1968.37994 -1313.46660
  0.505  649.09767 -1960.59210 -1311.49442
  0.506  643.34500 -1952.85038 -1309.50538
  0.507  637.65451 -1945.15443 -1307.49991
  0.508  632.02543 -1937.50388 -1305.47845
  0.509  626.45695 -1929.89837 -1303.44142
  0.510  620.94833 -1922.33756 -1301.38923
  0.511  615.49879 -1914.82110 -1299.32231
  0.512  610.10759 -1907.34863 -1297.24104
  0.513  604.77400 -1899.91982 -1295.14582
  0.514  599.49728 -1892.53433 -1293.03705
  0.515  594.27673 -1885.19182 -1290.91509
  0.516  589.11163 -1877.89195 -1288.78032
  0.517  584.00130 -1870.63441 -1286.63311
  0.518  578.94504 -1863.41885 -1284.47381
  0.519  573.94218 -1856.24496 -1282.30278
  0.520  568.99206 -1849.11243 -1280.12036
  0.521  564.09403 -1842.02092 -1277.92689
  0.522  559.24742 -1834.97013 -1275.72270
  0.523  554.45162 -1827.95974 -1273.50812
  0.524  549.70598 -1820.98945 -1271.28347
  0.525  545.00990 -1814.05896 -1269.04906
  0.526  540.36275 -1807.16795 -1266.80520
  0.527  535.76395 -1800.31614 -1264.55219
  0.528  531.21289 -1793.50321 -1262.29033
  0.529  526.70899 -1786.72889 -1260.01990
  0.530  522.25167 -1779.99288 -1257.74121
  0.531  517.84038 -1773.29489 -1255.45451
  0.532  513.47453 -1766.63463 -1253.16010
  0.533  509.15359 -1760.01183 -1250.85823
  0.534  504.87701 -1753.42619 -1248.54918
  0.535  500.64425 -1746.87746 -1246.23320
  0.536  496.45479 -1740.36534 -1243.91055
  0.537  492.30809 -1733.88957 -1241.58148
  0.538  488.20364 -1727.44987 -1239.24623
  0.539  484.14094 -1721.04598 -1236.90504
  0.540  480.11949 -1714.67764 -1234.55815
  0.541  476.13879 -1708.34458 -1232.20579
  0.542  472.19835 -1702.04654 -1229.84819
  0.543  468.29770 -1695.78327 -1227.48557
  0.544  464.43635 -1689.55450 -1225.11815
  0.545  460.61385 -1683.35999 -1222.74613
  0.546  456.82973 -1677.19948 -1220.36975
  0.547  453.08354 -1671.07273 -1217.98919
  0.548  449.37483 -1664.97949 -1215.60466
  0.549  445.70315 -1658.91951 -1213.21636
  0.550  442.06807 -1652.89256 -1210.82449
  0.551  438.46917 -1646.89840 -1208.42923
  0.552  434.90601 -1640.93678 -1206.03077
  0.553  431.37817 -1635.00747 -1203.62930
  0.554  427.88525 -1629.11025 -1201.22500
  0.555  424.42683 -1623.24487 -1198.81804
  0.556  421.00252 -1617.41111 -1196.40859
  0.557  417.61191 -1611.60874 -1193.99683
  0.558  414.25462 -1605.83754 -1191.58292
  0.559  410.93026 -1600.09729 -1189.16703
  0.560  407.63844 -1594.38776 -1186.74931
  0.561  404.37880 -1588.70873 -1184.32993
  0.562  401.15096 -1583.05999 -1181.90903
  0.563  397.95455 -1577.44133 -1179.48677
  0.564  394.78922 -1571.85252 -1177.06330
  0.565  391.65461 -1566.29337 -1174.63876
  0.566  388.55036 -1560.76365 -1172.21329
  0.567  385.47613 -1555.26317 -1169.78704
  0.568  382.43158 -1549.79171 -1167.36013
  0.569  379.41636 -1544.34907 -1164.93271
  0.570  376.43015 -1538.93506 -1162.50490
  0.571  373.47262 -1533.54946 -1160.07684
  0.572  370.54344 -1528.19209 -1157.64865
  0.573  367.64228 -1522.86274 -1155.22045
  0.574  364.76885 -1517.56122 -1152.79237
  0.575  361.92281 -1512.28733 -1150.36453
  0.576  359.10386 -1507.04090 -1147.93703
  0.577  356.31171 -1501.82171 -1145.51000
  0.578  353.54604 -1496.62959 -1143.08355
  0.579  350.80657 -1491.46435 -1140.65778
  0.580  348.09300 -1486.32580 -1138.23281
  0.581  345.40503 -1481.21377 -1135.80873
  0.582  342.74239 -1476.12806 -1133.38566
  0.583  340.10480 -1471.06850 -1130.96370
  0.584  337.49197 -1466.03490 -1128.54293
  0.585  334.90363 -1461.02710 -1126.12347
  0.586  332.33952 -1456.04492 -1123.70540
  0.587  329.79935 -1451.08817 -1121.28882
  0.588  327.28288 -1446.15669 -1118.87381
  0.589  324.78983 -1441.25031 -1116.46048
  0.590  322.31996 -1436.36886 -1114.04890
  0.591  319.87301 -1431.51216 -1111.63916
  0.592  317.44872 -1426.68006 -1109.23134
  0.593  315.04684 -1421.87238 -1106.82553
  0.594  312.66715 -1417.08896 -1104.42181
  0.595  310.30938 -1412.32964 -1102.02025
  0.596  307.97331 -1407.59425 -1099.62094
  0.597  305.65870 -1402.88264 -1097.22394
  0.598  303.36532 -1398.19465 -1094.82933
  0.599  301.09293 -1393.53012 -1092.43719
  0.600  298.84131 -1388.88889 -1090.04758
  0.601  296.61023 -1384.27081 -1087.66057
  0.602  294.39948 -1379.67572 -1085.27624
  0.603  292.20884 -1375.10348 -1082.89464
  0.604  290.03809 -1370.55392 -1080.51584
  0.605  287.88701 -1366.02691 -1078.13990
  0.606  285.75540 -1361.52229 -1075.76689
  0.607  283.64305 -1357.03992 -1073.39687
  0.608  281.54975 -1352.57964 -1071.02989
  0.609  279.47530 -1348.14132 -1068.66601
  0.610  277.41951 -1343.72481 -1066.30530
  0.611  275.38216 -1339.32996 -1063.94780
  0.612  273.36308 -1334.95664 -1061.59356
  0.613  271.36205 -1330.60471 -1059.24265
  0.614  269.37891 -1326.27402 -1056.89511
  0.615  267.41344 -1321.96444 -1054.55100
  0.616  265.46548 -1317.67583 -1052.21035
  0.617  263.53483 -1313.40806 -1049.87323
  0.618  261.62131 -1309.16098 -1047.53967
  0.619  259.72475 -1304.93448 -1045.20973
  0.620  257.84496 -1300.72841 -1042.88344
  0.621  255.98178 -1296.54264 -1040.56086
  0.622  254.13502 -1292.37704 -1038.24202
  0.623  252.30453 -1288.23149 -1035.92696
  0.624  250.49012 -1284.10585 -1033.61573
  0.625  248.69163 -1280.00000 -1031.30837
  0.626  246.90891 -1275.91381 -1029.00490
  0.627  245.14177 -1271.84715 -1026.70538
  0.628  243.39007 -1267.79991 -1024.40984
  0.629  241.65364 -1263.77195 -1022.11831
  0.630  239.93234 -1259.76316 -1019.83083
  0.631  238.22599 -1255.77342 -1017.54743
  0.632  236.53445 -1251.80260 -1015.26815
  0.633  234.85757 -1247.85058 -1012.99301
  0.634  233.19519 -1243.91724 -1010.72205
  0.635  231.54718 -1240.00248 -1008.45530
  0.636  229.91337 -1236.10617 -1006.19279
  0.637  228.29364 -1232.22819 -1003.93455
  0.638  226.68783 -1228.36843 -1001.68060
  0.639  225.09580 -1224.52678 -999.43098
  0.640  223.51742 -1220.70312 -997.18571
  0.641  221.95254 -1216.89735 -994.94481
  0.642  220.40103 -1213.10934 -992.70831
  0.643  218.86276 -1209.33900 -990.47624
  0.644  217.33759 -1205.58620 -988.24861
  0.645  215.82539 -1201.85085 -986.02546
  0.646  214.32603 -1198.13283 -983.80680
  0.647  212.83938 -1194.43204 -981.59265
  0.648  211.36532 -1190.74836 -979.38304
  0.649  209.90371 -1187.08170 -977.17799
  0.650  208.45444 -1183.43195 -974.97751
  0.651  207.01738 -1179.79901 -972.78163
  0.652  205.59241 -1176.18277 -970.59036
  0.653  204.17941 -1172.58313 -968.40372
  0.654  202.77826 -1168.99999 -966.22173
  0.655  201.38884 -1165.43325 -964.04441
  0.656  200.01104 -1161.88281 -961.87176
  0.657  198.64475 -1158.34857 -959.70382
  0.658  197.28985 -1154.83042 -957.54058
  0.659  195.94622 -1151.32829 -955.38207
  0.660  194.61376 -1147.84206 -953.22830
  0.661  193.29236 -1144.37164 -951.07928
  0.662  191.98191 -1140.91693 -948.93502
  0.663  190.68230 -1137.47785 -946.79555
  0.664  189.39342 -1134.05429 -944.66086
  0.665  188.11518 -1130.64616 -942.53098
  0.666  186.84747 -1127.25338 -940.40591
  0.667  185.59018 -1123.87584 -938.28566
  0.668  184.34322 -1120.51346 -936.17024
  0.669  183.10648 -1117.16615 -934.05967
  0.670  181.87987 -1113.83382 -931.95394
  0.671  180.66329 -1110.51637 -929.85308
  0.672  179.45664 -1107.21372 -927.75708
  0.673  178.25982 -1103.92578 -925.66596
  0.674  177.07275 -1100.65247 -923.57972
  0.675  175.89532 -1097.39369 -921.49837
  0.676  174.72744 -1094.14936 -919.42192
  0.677  173.56903 -1090.91941 -917.35037
  0.678  172.42000 -1087.70373 -915.28373
  0.679  171.28024 -1084.50225 -913.22200
  0.680  170.14968 -1081.31488 -911.16519
  0.681  169.02823 -1078.14154 -909.11331
  0.682  167.91580 -1074.98216 -907.06635
  0.683  166.81231 -1071.83663 -905.02433
  0.684  165.71766 -1068.70490 -902.98724
  0.685  164.63178 -1065.58687 -900.95509
  0.686  163.55459 -1062.48247 -898.92788
  0.687  162.48600 -1059.39161 -896.90562
  0.688  161.42592 -1056.31422 -894.88830
  0.689  160.37429 -1053.25022 -892.87593
  0.690  159.33102 -1050.19954 -890.86851
  0.691  158.29604 -1047.16209 -888.86605
  0.692  157.26926 -1044.13779 -886.86854
  0.693  156.25060 -1041.12658 -884.87598
  0.694  155.24000 -1038.12838 -882.88838
  0.695  154.23738 -1035.14311 -880.90573
  0.696  153.24266 -1032.17070 -878.92804
  0.697  152.25577 -1029.21107 -876.95530
  0.698  151.27663 -1026.26415 -874.98752
  0.699  150.30519 -1023.32987 -873.02469
  0.700  149.34135 -1020.40816 -871.06681
  0.701  148.38506 -1017.49895 -869.11389
  0.702  147.43624 -1014.60215 -867.16591
  0.703  146.49483 -1011.71771 -865.22289
  0.704  145.56075 -1008.84556 -863.28481
  0.705  144.63394 -1005.98561 -861.35167
  0.706  143.71434 -1003.13782 -859.42348
  0.707  142.80187 -1000.30209 -857.50022
  0.708  141.89647 -997.47837 -855.58190
  0.709  140.99808 -994.66660 -853.66852
  0.710  140.10663 -991.86669 -851.76006
  0.711  139.22206 -989.07859 -849.85654
  0.712  138.34430 -986.30223 -847.95793
  0.713  137.47330 -983.53755 -846.06424
  0.714  136.60900 -980.78447 -844.17547
  0.715  135.75132 -978.04294 -842.29161
  0.716  134.90022 -975.31288 -840.41266
  0.717  134.05563 -972.59424 -838.53861
  0.718  133.21749 -969.88695 -836.66946
  0.719  132.38575 -967.19095 -834.80520
  0.720  131.56035 -964.50617 -832.94582
  0.721  130.74123 -961.83256 -831.09133
  0.722  129.92833 -959.17005 -829.24172
  0.723  129.12161 -956.51858 -827.39697
  0.724  128.32099 -953.87809 -825.55710
  0.725  127.52644 -951.24851 -823.72208
  0.726  126.73789 -948.62980 -821.89191
  0.727  125.95529 -946.02188 -820.06660
  0.728  125.17859 -943.42471 -818.24612
  0.729  124.40773 -940.83821 -816.43048
  0.730  123.64267 -938.26234 -814.61967
  0.731  122.88335 -935.69703 -812.81367
  0.732  122.12973 -933.14223 -811.01250
  0.733  121.38174 -930.59787 -809.21613
  0.734  120.63935 -928.06391 -807.42456
  0.735  119.90250 -925.54028 -805.63779
  0.736  119.17114 -923.02694 -803.85580
  0.737  118.44523 -920.52381 -802.07859
  0.738  117.72471 -918.03086 -800.30615
  0.739  117.00954 -915.54802 -798.53848
  0.740  116.29968 -913.07524 -796.77556
  0.741  115.59507 -910.61246 -795.01739
  0.742  114.89568 -908.15963 -793.26396
  0.743  114.20144 -905.71670 -791.51526
  0.744  113.51233 -903.28362 -789.77128
  0.745  112.82830 -900.86032 -788.03203
  0.746  112.14929 -898.44677 -786.29747
  0.747  111.47527 -896.04290 -784.56762
  0.748  110.80620 -893.64866 -782.84246
  0.749  110.14203 -891.26401 -781.12198
  0.750  109.48272 -888.88889 -779.40617
  0.751  108.82822 -886.52325 -777.69503
  0.752  108.17850 -884.16704 -775.98854
  0.753  107.53352 -881.82022 -774.28670
  0.754  106.89323 -879.48272 -772.58949
  0.755  106.25759 -877.15451 -770.89692
  0.756  105.62657 -874.83553 -769.20896
  0.757  105.00012 -872.52574 -767.52561
  0.758  104.37821 -870.22508 -765.84687
  0.759  103.76079 -867.93350 -764.17271
  0.760  103.14783 -865.65097 -762.50314
  0.761  102.53929 -863.37743 -760.83814
  0.762  101.93513 -861.11283 -759.17770
  0.763  101.33532 -858.85714 -757.52182
  0.764  100.73981 -856.61029 -755.87048
  0.765  100.14858 -854.37225 -754.22367
  0.766   99.56158 -852.14297 -752.58139
  0.767   98.97878 -849.92240 -750.94362
  0.768   98.40015 -847.71050 -749.31035
  0.769   97.82565 -845.50723 -747.68158
  0.770   97.25524 -843.31253 -746.05730
  0.771   96.68889 -841.12637 -744.43748
  0.772   96.12656 -838.94870 -742.82214
  0.773   95.56823 -836.77947 -741.21124
  0.774   95.01385 -834.61865 -739.60479
  0.775   94.46340 -832.46618 -738.00278
  0.776   93.91685 -830.32203 -736.40518
  0.777   93.37415 -828.18616 -734.81200
  0.778   92.83528 -826.05851 -733.22323
  0.779   92.30021 -823.93905 -731.63884
  0.780   91.76890 -821.82774 -730.05884
  0.781   91.24133 -819.72454 -728.48321
  0.782   90.71746 -817.62940 -726.91194
  0.783   90.19726 -815.54228 -725.34502
  0.784   89.68070 -813.46314 -723.78244
  0.785   89.16775 -811.39194 -722.22419
  0.786   88.65838 -809.32865 -720.67026
  0.787   88.15257 -807.27321 -719.12064
  0.788   87.65027 -805.22559 -717.57532
  0.789   87.15147 -803.18576 -716.03428
  0.790   86.65614 -801.15366 -714.49752
  0.791   86.16424 -799.12927 -712.96503
  0.792   85.67575 -797.11254 -711.43679
  0.793   85.19065 -795.10344 -709.91279
  0.794   84.70889 -793.10192 -708.39303
  0.795   84.23046 -791.10795 -706.87749
  0.796   83.75533 -789.12149 -705.36616
  0.797   83.28347 -787.14250 -703.85903
  0.798   82.81485 -785.17095 -702.35609
  0.799   82.34946 -783.20679 -700.85733
  0.800   81.88726 -781.25000 -699.36274
  0.801   81.42822 -779.30053 -697.87231
  0.802   80.97232 -777.35835 -696.38603
  0.803   80.51954 -775.42342 -694.90388
  0.804   80.06985 -773.49571 -693.42585
  0.805   79.62323 -771.57517 -691.95194
  0.806   79.17965 -769.66178 -690.48213
  0.807   78.73908 -767.75550 -689.01642
  0.808   78.30151 -765.85629 -687.55478
  0.809   77.86690 -763.96412 -686.09721
  0.810   77.43524 -762.07895 -684.64371
  0.811   77.00650 -760.20075 -683.19425
  0.812   76.58066 -758.32949 -681.74883
  0.813   76.15770 -756.46513 -680.30743
  0.814   75.73758 -754.60763 -678.87005
  0.815   75.32030 -752.75697 -677.43668
  0.816   74.90582 -750.91311 -676.00729
  0.817   74.49412 -749.07601 -674.58189
  0.818   74.08519 -747.24565 -673.16046
  0.819   73.67900 -745.42199 -671.74300
  0.820   73.27552 -743.60500 -670.32948
  0.821   72.87474 -741.79464 -668.91989
  0.822   72.47664 -739.99088 -667.51424
  0.823   72.08120 -738.19370 -666.11250
  0.824   71.68839 -736.40305 -664.71467
  0.825   71.29819 -734.61892 -663.32073
  0.826   70.91058 -732.84125 -661.93067
  0.827   70.52555 -731.07004 -660.54449
  0.828   70.14307 -729.30523 -659.16217
  0.829   69.76312 -727.54681 -657.78370
  0.830   69.38568 -725.79475 -656.40907
  0.831   69.01073 -724.04900 -655.03826
  0.832   68.63826 -722.30954 -653.67128
  0.833   68.26825 -720.57635 -652.30810
  0.834   67.90066 -718.84938 -650.94872
  0.835   67.53550 -717.12862 -649.59312
  0.836   67.17273 -715.41402 -648.24129
  0.837   66.81234 -713.70557 -646.89323
  0.838   66.45431 -712.00324 -645.54892
  0.839   66.09863 -710.30698 -644.20835
  0.840   65.74526 -708.61678 -642.87152
  0.841   65.39421 -706.93261 -641.53840
  0.842   65.04544 -705.25443 -640.20899
  0.843   64.69894 -703.58222 -638.88328
  0.844   64.35470 -701.91595 -637.56125
  0.845   64.01269 -700.25559 -636.24291
  0.846   63.67290 -698.60112 -634.92822
  0.847   63.33531 -696.95251 -633.61719
  0.848   62.99991 -695.30972 -632.30981
  0.849   62.66667 -693.67273 -631.00606
  0.850   62.33559 -692.04152 -629.70593
  0.851   62.00665 -690.41606 -628.40941
  0.852   61.67982 -688.79631 -627.11650
  0.853   61.35509 -687.18226 -625.82717
  0.854   61.03245 -685.57388 -624.54143
  0.855   60.71189 -683.97114 -623.25925
  0.856   60.39338 -682.37401 -621.98063
  0.857   60.07691 -680.78246 -620.70556
  0.858   59.76246 -679.19648 -619.43402
  0.859   59.45002 -677.61604 -618.16602
  0.860   59.13958 -676.04110 -616.90152
  0.861   58.83111 -674.47165 -615.64054
  0.862   58.52461 -672.90766 -614.38305
  0.863   58.22006 -671.34910 -613.12904
  0.864   57.91745 -669.79595 -611.87851
  0.865   57.61675 -668.24819 -610.63144
  0.866   57.31796 -666.70578 -609.38782
  0.867   57.02106 -665.16871 -608.14764
  0.868   56.72604 -663.63694 -606.91090
  0.869   56.43289 -662.11046 -605.67758
  0.870   56.14158 -660.58925 -604.44767
  0.871   55.85211 -659.07326 -603.22116
  0.872   55.56446 -657.56249 -601.99804
  0.873   55.27862 -656.05691 -600.77830
  0.874   54.99457 -654.55650 -599.56193
  0.875   54.71231 -653.06122 -598.34892
  0.876   54.43181 -651.57107 -597.13926
  0.877   54.15307 -650.08601 -595.93294
  0.878   53.87607 -648.60602 -594.72994
  0.879   53.60081 -647.13107 -593.53027
  0.880   53.32726 -645.66116 -592.33390
  0.881   53.05541 -644.19624 -591.14083
  0.882   52.78525 -642.73631 -589.95105
  0.883   52.51678 -641.28133 -588.76455
  0.884   52.24997 -639.83129 -587.58132
  0.885   51.98482 -638.38616 -586.40134
  0.886   51.72131 -636.94592 -585.22461
  0.887   51.45943 -635.51055 -584.05112
  0.888   51.19917 -634.08003 -582.88086
  0.889   50.94051 -632.65433 -581.71381
  0.890   50.68346 -631.23343 -580.54997
  0.891   50.42798 -629.81732 -579.38933
  0.892   50.17408 -628.40596 -578.23188
  0.893   49.92174 -626.99934 -577.07761
  0.894   49.67094 -625.59745 -575.92650
  0.895   49.42169 -624.20024 -574.77855
  0.896   49.17396 -622.80772 -573.63375
  0.897   48.92775 -621.41984 -572.49209
  0.898   48.68305 -620.03661 -571.35356
  0.899   48.43983 -618.65798 -570.21815
  0.900   48.19810 -617.28395 -569.08585
  0.901   47.95785 -615.91449 -567.95664
  0.902   47.71906 -614.54958 -566.83053
  0.903   47.48171 -613.18921 -565.70750
  0.904   47.24581 -611.83335 -564.58753
  0.905   47.01134 -610.48198 -563.47063
  0.906   46.77829 -609.13508 -562.35678
  0.907   46.54665 -607.79263 -561.24598
  0.908   46.31641 -606.45462 -560.13820
  0.909   46.08757 -605.12102 -559.03345
  0.910   45.86010 -603.79181 -557.93171
  0.911   45.63400 -602.46698 -556.83298
  0.912   45.40927 -601.14651 -555.73724
  0.913   45.18588 -599.83037 -554.64449
  0.914   44.96384 -598.51855 -553.55471
  0.915   44.74313 -597.21102 -552.46790
  0.916   44.52374 -595.90778 -551.38404
  0.917   44.30566 -594.60880 -550.30314
  0.918   44.08889 -593.31406 -549.22517
  0.919   43.87342 -592.02355 -548.15013
  0.920   43.65923 -590.73724 -547.07801
  0.921   43.44631 -589.45512 -546.00881
  0.922   43.23467 -588.17717 -544.94250
  0.923   43.02428 -586.90337 -543.87909
  0.924   42.81514 -585.63370 -542.81856
  0.925   42.60725 -584.36815 -541.76091
  0.926   42.40058 -583.10670 -540.70612
  0.927   42.19514 -581.84933 -539.65418
  0.928   41.99092 -580.59602 -538.60510
  0.929   41.78790 -579.34675 -537.55885
  0.930   41.58608 -578.10151 -536.51543
  0.931   41.38545 -576.86029 -535.47484
  0.932   41.18600 -575.62305 -534.43705
  0.933   40.98773 -574.38980 -533.40207
  0.934   40.79062 -573.16050 -532.36988
  0.935   40.59467 -571.93514 -531.34047
  0.936   40.39987 -570.71371 -530.31384
  0.937   40.20621 -569.49619 -529.28998
  0.938   40.01368 -568.28256 -528.26888
  0.939   39.82228 -567.07280 -527.25053
  0.940   39.63199 -565.86691 -526.23492
  0.941   39.44282 -564.66485 -525.22204
  0.942   39.25475 -563.46663 -524.21188
  0.943   39.06777 -562.27221 -523.20444
  0.944   38.88188 -561.08159 -522.19970
  0.945   38.69707 -559.89474 -521.19767
  0.946   38.51334 -558.71166 -520.19832
  0.947   38.33066 -557.53232 -519.20165
  0.948   38.14905 -556.35671 -518.20766
  0.949   37.96849 -555.18482 -517.21633
  0.950   37.78897 -554.01662 -516.22765
  0.951   37.61048 -552.85211 -515.24162
  0.952   37.43303 -551.69126 -514.25823
  0.953   37.25660 -550.53407 -513.27747
  0.954   37.08118 -549.38052 -512.29934
  0.955   36.90677 -548.23059 -511.32381
  0.956   36.73337 -547.08426 -510.35089
  0.957   36.56096 -545.94153 -509.38057
  0.958   36.38953 -544.80237 -508.41284
  0.959   36.21909 -543.66677 -507.44768
  0.960   36.04962 -542.53472 -506.48510
  0.961   35.88112 -541.40621 -505.52508
  0.962   35.71358 -540.28121 -504.56762
  0.963   35.54700 -539.15971 -503.61271
  0.964   35.38137 -538.04170 -502.66033
  0.965   35.21667 -536.92717 -501.71049
  0.966   35.05292 -535.81609 -500.76317
  0.967   34.89009 -534.70846 -499.81837
  0.968   34.72819 -533.60426 -498.87607
  0.969   34.56720 -532.50348 -497.93628
  0.970   34.40713 -531.40610 -496.99897
  0.971   34.24796 -530.31211 -496.06415
  0.972   34.08969 -529.22149 -495.13180
  0.973   33.93231 -528.13424 -494.20193
  0.974   33.77582 -527.05033 -493.27451
  0.975   33.62021 -525.96976 -492.34954
  0.976   33.46548 -524.89250 -491.42702
  0.977   33.31162 -523.81855 -490.50694
  0.978   33.15862 -522.74790 -489.58928
  0.979   33.00647 -521.68052 -488.67405
  0.980   32.85518 -520.61641 -487.76123
  0.981   32.70474 -519.55555 -486.85081
  0.982   32.55514 -518.49793 -485.94279
  0.983   32.40637 -517.44354 -485.03717
  0.984   32.25844 -516.39236 -484.13392
  0.985   32.11132 -515.34438 -483.23305
  0.986   31.96503 -514.29959 -482.33455
  0.987   31.81955 -513.25797 -481.43841
  0.988   31.67488 -512.21951 -480.54463
  0.989   31.53101 -511.18420 -479.65318
  0.990   31.38794 -510.15203 -478.76408
  0.991   31.24567 -509.12297 -477.87731
  0.992   31.10418 -508.09703 -476.99286
  0.993   30.96347 -507.07419 -476.11072
  0.994   30.82354 -506.05444 -475.23089
  0.995   30.68438 -505.03775 -474.35337
  0.996   30.54599 -504.02413 -473.47814
  0.997   30.40836 -503.01355 -472.60519
  0.998   30.27149 -502.00602 -471.73452
  0.999   30.13537 -501.00150 -470.86613
  1.000   30.00000 -500.00000 -470.00000
  1.001   29.86537 -499.00150 -469.13613
  1.002   29.73148 -498.00598 -468.27451
  1.003   29.59832 -497.01345 -467.41513
  1.004   29.46589 -496.02387 -466.55798
  1.005   29.33418 -495.03725 -465.70307
  1.006   29.20319 -494.05357 -464.85038
  1.007   29.07292 -493.07282 -463.99990
  1.008   28.94335 -492.09499 -463.15163
  1.009   28.81449 -491.12006 -462.30556
  1.010   28.68634 -490.14802 -461.46169
  1.011   28.55887 -489.17887 -460.62000
  1.012   28.43210 -488.21260 -459.78049
  1.013   28.30602 -487.24918 -458.94316
  1.014   28.18061 -486.28861 -458.10799
  1.015   28.05589 -485.33087 -457.27498
  1.016   27.93184 -484.37597 -456.44413
  1.017   27.80846 -483.42388 -455.61542
  1.018   27.68575 -482.47459 -454.78885
  1.019   27.56369 -481.52810 -453.96441
  1.020   27.44230 -480.58439 -453.14209
  1.021   27.32156 -479.64345 -452.32190
  1.022   27.20146 -478.70527 -451.50381
  1.023   27.08201 -477.76985 -450.68784
  1.024   26.96320 -476.83716 -449.87396
  1.025   26.84503 -475.90720 -449.06217
  1.026   26.72749 -474.97996 -448.25247
  1.027   26.61057 -474.05542 -447.44485
  1.028   26.49429 -473.13358 -446.63930
  1.029   26.37862 -472.21443 -445.83581
  1.030   26.26357 -471.29795 -445.03439
  1.031   26.14913 -470.38414 -444.23501
  1.032   26.03530 -469.47299 -443.43769
  1.033   25.92208 -468.56448 -442.64240
  1.034   25.80945 -467.65860 -441.84915
  1.035   25.69743 -466.75535 -441.05792
  1.036   25.58600 -465.85471 -440.26872
  1.037   25.47516 -464.95668 -439.48152
  1.038   25.36490 -464.06124 -438.69634
  1.039   25.25523 -463.16839 -437.91316
  1.040   25.14613 -462.27811 -437.13197
  1.041   25.03762 -461.39039 -436.35277
  1.042   24.92967 -460.50523 -435.57556
  1.043   24.82229 -459.62261 -434.80032
  1.044   24.71548 -458.74253 -434.02705
  1.045   24.60923 -457.86498 -433.25575
  1.046   24.50353 -456.98994 -432.48640
  1.047   24.39839 -456.11740 -431.71901
  1.048   24.29380 -455.24736 -430.95356
  1.049   24.18976 -454.37981 -430.19005
  1.050   24.08626 -453.51474 -429.42848
  1.051   23.98331 -452.65213 -428.66883
  1.052   23.88089 -451.79199 -427.91110
  1.053   23.77900 -450.93429 -427.15529
  1.054   23.67765 -450.07903 -426.40139
  1.055   23.57682 -449.22621 -425.64939
  1.056   23.47651 -448.37580 -424.89929
  1.057   23.37673 -447.52781 -424.15108
  1.058   23.27747 -446.68222 -423.40475
  1.059   23.17872 -445.83903 -422.66031
  1.060   23.08048 -444.99822 -421.91774
  1.061   22.98275 -444.15979 -421.17704
  1.062   22.88553 -443.32372 -420.43819
  1.063   22.78881 -442.49002 -419.70121
  1.064   22.69258 -441.65866 -418.96608
  1.065   22.59686 -440.82964 -418.23279
  1.066   22.50162 -440.00296 -417.50133
  1.067   22.40688 -439.17860 -416.77172
  1.068   22.31262 -438.35655 -416.04393
  1.069   22.21885 -437.53681 -415.31796
  1.070   22.12556 -436.71936 -414.59380
  1.071   22.03275 -435.90421 -413.87146
  1.072   21.94041 -435.09133 -413.15093
  1.073   21.84854 -434.28073 -412.43219
  1.074   21.75715 -433.47239 -411.71524
  1.075   21.66622 -432.66631 -411.00009
  1.076   21.57576 -431.86247 -410.28671
  1.077   21.48575 -431.06087 -409.57511
  1.078   21.39621 -430.26150 -408.86529
  1.079   21.30712 -429.46435 -408.15723
  1.080   21.21848 -428.66941 -407.45093
  1.081   21.13030 -427.87668 -406.74638
  1.082   21.04256 -427.08614 -406.04358
  1.083   20.95527 -426.29780 -405.34253
  1.084   20.86842 -425.51164 -404.64322
  1.085   20.78200 -424.72764 -403.94564
  1.086   20.69603 -423.94582 -403.24979
  1.087   20.61049 -423.16615 -402.55566
  1.088   20.52538 -422.38862 -401.86324
  1.089   20.44070 -421.61324 -401.17254
  1.090   20.35645 -420.84000 -400.48355
  1.091   20.27262 -420.06887 -399.79625
  1.092   20.18921 -419.29987 -399.11066
  1.093   20.10622 -418.53297 -398.42675
  1.094   20.02365 -417.76818 -397.74453
  1.095   19.94150 -417.00548 -397.06399
  1.096   19.85975 -416.24487 -396.38512
  1.097   19.77841 -415.48634 -395.70793
  1.098   19.69748 -414.72988 -395.03240
  1.099   19.61696 -413.97548 -394.35852
  1.100   19.53683 -413.22314 -393.68631
  1.101   19.45711 -412.47285 -393.01574
  1.102   19.37778 -411.72460 -392.34682
  1.103   19.29885 -410.97838 -391.67953
  1.104   19.22031 -410.23419 -391.01388
  1.105   19.14216 -409.49203 -390.34986
  1.106   19.06440 -408.75187 -389.68747
  1.107   18.98703 -408.01372 -389.02669
  1.108   18.91004 -407.27756 -388.36753
  1.109   18.83342 -406.54340 -387.70997
  1.110   18.75719 -405.81122 -387.05402
  1.111   18.68134 -405.08101 -386.39967
  1.112   18.60586 -404.35278 -385.74692
  1.113   18.53075 -403.62650 -385.09575
  1.114   18.45601 -402.90219 -384.44617
  1.115   18.38164 -402.17981 -383.79817
  1.116   18.30764 -401.45939 -383.15174
  1.117   18.23400 -400.74089 -382.50689
  1.118   18.16072 -400.02432 -381.86360
  1.119   18.08780 -399.30967 -381.22187
  1.120   18.01524 -398.59694 -380.58169
  1.121   17.94304 -397.88611 -379.94307
  1.122   17.87119 -397.17718 -379.30600
  1.123   17.79969 -396.47015 -378.67046
  1.124   17.72854 -395.76500 -378.03646
  1.125   17.65773 -395.06173 -377.40400
  1.126   17.58727 -394.36033 -376.77306
  1.127   17.51716 -393.66080 -376.14364
  1.128   17.44738 -392.96313 -375.51575
  1.129   17.37795 -392.26731 -374.88936
  1.130   17.30885 -391.57334 -374.26449
  1.131   17.24009 -390.88121 -373.64112
  1.132   17.17166 -390.19091 -373.01925
  1.133   17.10357 -389.50244 -372.39888
  1.134   17.03580 -388.81579 -371.77999
  1.135   16.96836 -388.13096 -371.16260
  1.136   16.90125 -387.44793 -370.54668
  1.137   16.83446 -386.76670 -369.93224
  1.138   16.76799 -386.08727 -369.31928
  1.139   16.70185 -385.40962 -368.70778
  1.140   16.63602 -384.73376 -368.09774
  1.141   16.57051 -384.05968 -367.48917
  1.142   16.50531 -383.38737 -366.88205
  1.143   16.44043 -382.71681 -366.27638
  1.144   16.37586 -382.04802 -365.67216
  1.145   16.31160 -381.38098 -365.06938
  1.146   16.24765 -380.71568 -364.46804
  1.147   16.18400 -380.05213 -363.86813
  1.148   16.12066 -379.39030 -363.26965
  1.149   16.05762 -378.73021 -362.67259
  1.150   15.99488 -378.07183 -362.07695
  1.151   15.93244 -377.41517 -361.48273
  1.152   15.87030 -376.76022 -360.88993
  1.153   15.80845 -376.10698 -360.29852
  1.154   15.74690 -375.45543 -359.70853
  1.155   15.68564 -374.80557 -359.11993
  1.156   15.62468 -374.15740 -358.53272
  1.157   15.56400 -373.51091 -357.94691
  1.158   15.50361 -372.86609 -357.36248
  1.159   15.44350 -372.22294 -356.77944
  1.160   15.38368 -371.58145 -356.19777
  1.161   15.32415 -370.94162 -355.61748
  1.162   15.26489 -370.30344 -355.03855
  1.163   15.20591 -369.66691 -354.46099
  1.164   15.14722 -369.03201 -353.88480
  1.165   15.08880 -368.39875 -353.30996
  1.166   15.03065 -367.76712 -352.73647
  1.167   14.97278 -367.13712 -352.16434
  1.168   14.91518 -366.50873 -351.59355
  1.169   14.85785 -365.88195 -351.02410
  1.170   14.80079 -365.25678 -350.45599
  1.171   14.74400 -364.63320 -349.88921
  1.172   14.68747 -364.01123 -349.32376
  1.173   14.63121 -363.39084 -348.75964
  1.174   14.57521 -362.77204 -348.19683
  1.175   14.51947 -362.15482 -347.63535
  1.176   14.46400 -361.53917 -347.07518
  1.177   14.40878 -360.92509 -346.51632
  1.178   14.35382 -360.31258 -345.95876
  1.179   14.29911 -359.70162 -345.40251
  1.180   14.24466 -359.09221 -344.84755
  1.181   14.19047 -358.48436 -344.29389
  1.182   14.13652 -357.87804 -343.74152
  1.183   14.08283 -357.27326 -343.19043
  1.184   14.02938 -356.67001 -342.64063
  1.185   13.97619 -356.06829 -342.09211
  1.186   13.92324 -355.46809 -341.54486
  1.187   13.87053 -354.86941 -340.99888
  1.188   13.81807 -354.27224 -340.45417
  1.189   13.76585 -353.67657 -339.91073
  1.190   13.71387 -353.08241 -339.36854
  1.191   13.66213 -352.48974 -338.82761
  1.192   13.61063 -351.89856 -338.28794
  1.193   13.55936 -351.30887 -337.74951
  1.194   13.50833 -350.72066 -337.21233
  1.195   13.45754 -350.13393 -336.67639
  1.196   13.40698 -349.54866 -336.14168
  1.197   13.35665 -348.96487 -335.60821
  1.198   13.30655 -348.38253 -335.07598
  1.199   13.25668 -347.80165 -334.54497
  1.200   13.20704 -347.22222 -334.01518
  1.201   13.15763 -346.64424 -333.48661
  1.202   13.10844 -346.06770 -332.95926
  1.203   13.05948 -345.49260 -332.43312
  1.204   13.01074 -344.91893 -331.90819
  1.205   12.96222 -344.34669 -331.38446
  1.206   12.91393 -343.77587 -330.86194
  1.207   12.86585 -343.20647 -330.34062
  1.208   12.81799 -342.63848 -329.82049
  1.209   12.77035 -342.07190 -329.30155
  1.210   12.72293 -341.50673 -328.78380
  1.211   12.67572 -340.94295 -328.26723
  1.212   12.62872 -340.38057 -327.75185
  1.213   12.58194 -339.81958 -327.23764
  1.214   12.53537 -339.25998 -326.72461
  1.215   12.48901 -338.70176 -326.21275
  1.216   12.44286 -338.14491 -325.70205
  1.217   12.39692 -337.58944 -325.19252
  1.218   12.35118 -337.03533 -324.68415
  1.219   12.30565 -336.48259 -324.17694
  1.220   12.26033 -335.93120 -323.67088
  1.221   12.21521 -335.38117 -323.16597
  1.222   12.17029 -334.83249 -322.66220
  1.223   12.12557 -334.28515 -322.15958
  1.224   12.08106 -333.73916 -321.65810
  1.225   12.03674 -333.19450 -321.15776
  1.226   11.99262 -332.65118 -320.65855
  1.227   11.94870 -332.10918 -320.16048
  1.228   11.90498 -331.56850 -319.66353
  1.229   11.86145 -331.02915 -319.16770
  1.230   11.81812 -330.49111 -318.67299
  1.231   11.77498 -329.95438 -318.17940
  1.232   11.73203 -329.41896 -317.68693
  1.233   11.68927 -328.88484 -317.19557
  1.234   11.64670 -328.35201 -316.70531
  1.235   11.60433 -327.82049 -316.21616
  1.236   11.56214 -327.29025 -315.72811
  1.237   11.52014 -326.76129 -315.24116
  1.238   11.47832 -326.23362 -314.75530
  1.239   11.43669 -325.70722 -314.27053
  1.240   11.39525 -325.18210 -313.78686
  1.241   11.35398 -324.65825 -313.30427
  1.242   11.31290 -324.13566 -312.82276
  1.243   11.27201 -323.61433 -312.34233
  1.244   11.23129 -323.09426 -311.86297
  1.245   11.19075 -322.57544 -311.38469
  1.246   11.15039 -322.05787 -310.90748
  1.247   11.11021 -321.54155 -310.43134
  1.248   11.07020 -321.02646 -309.95626
  1.249   11.03038 -320.51262 -309.48224
  1.250   10.99072 -320.00000 -309.00928
  1.251   10.95124 -319.48861 -308.53737
  1.252   10.91194 -318.97845 -308.06652
  1.253   10.87280 -318.46951 -307.59671
  1.254   10.83384 -317.96179 -307.12795
  1.255   10.79505 -317.45528 -306.66023
  1.256   10.75642 -316.94998 -306.19355
  1.257   10.71797 -316.44588 -305.72791
  1.258   10.67968 -315.94299 -305.26331
  1.259   10.64156 -315.44129 -304.79973
  1.260   10.60361 -314.94079 -304.33718
  1.261   10.56582 -314.44148 -303.87566
  1.262   10.52820 -313.94335 -303.41515
  1.263   10.49074 -313.44641 -302.95567
  1.264   10.45344 -312.95065 -302.49720
  1.265   10.41631 -312.45606 -302.03975
  1.266   10.37934 -311.96264 -301.58331
  1.267   10.34252 -311.47040 -301.12787
  1.268   10.30587 -310.97931 -300.67344
  1.269   10.26937 -310.48939 -300.22001
  1.270   10.23304 -310.00062 -299.76758
  1.271   10.19686 -309.51301 -299.31615
  1.272   10.16083 -309.02654 -298.86571
  1.273   10.12496 -308.54122 -298.41626
  1.274   10.08925 -308.05705 -297.96780
  1.275   10.05369 -307.57401 -297.52032
  1.276   10.01828 -307.09211 -297.07383
  1.277    9.98303 -306.61134 -296.62831
  1.278    9.94792 -306.13170 -296.18377
  1.279    9.91297 -305.65318 -295.74021
  1.280    9.87817 -305.17578 -295.29761
  1.281    9.84351 -304.69950 -294.85599
  1.282    9.80901 -304.22434 -294.41533
  1.283    9.77465 -303.75028 -293.97563
  1.284    9.74044 -303.27734 -293.53689
  1.285    9.70638 -302.80549 -293.09912
  1.286    9.67246 -302.33475 -292.66229
  1.287    9.63869 -301.86510 -292.22642
  1.288    9.60506 -301.39655 -291.79150
  1.289    9.57157 -300.92909 -291.35752
  1.290    9.53822 -300.46271 -290.92449
  1.291    9.50502 -299.99742 -290.49240
  1.292    9.47196 -299.53321 -290.06125
  1.293    9.43904 -299.07007 -289.63103
  1.294    9.40626 -298.60801 -289.20175
  1.295    9.37362 -298.14702 -288.77340
  1.296    9.34112 -297.68709 -288.34597
  1.297    9.30875 -297.22823 -287.91948
  1.298    9.27652 -296.77043 -287.49390
  1.299    9.24443 -296.31368 -287.06925
  1.300    9.21247 -295.85799 -286.64552
  1.301    9.18065 -295.40335 -286.22270
  1.302    9.14896 -294.94975 -285.80079
  1.303    9.11741 -294.49720 -285.37979
  1.304    9.08599 -294.04569 -284.95971
  1.305    9.05470 -293.59522 -284.54052
  1.306    9.02354 -293.14578 -284.12224
  1.307    8.99251 -292.69738 -283.70486
  1.308    8.96162 -292.25000 -283.28838
  1.309    8.93085 -291.80364 -282.87279
  1.310    8.90021 -291.35831 -282.45810
  1.311    8.86970 -290.91400 -282.04430
  1.312    8.83932 -290.47070 -281.63138
  1.313    8.80907 -290.02842 -281.21935
  1.314    8.77894 -289.58714 -280.80820
  1.315    8.74894 -289.14687 -280.39793
  1.316    8.71906 -288.70761 -279.98854
  1.317    8.68931 -288.26934 -279.58003
  1.318    8.65968 -287.83207 -279.17239
  1.319    8.63018 -287.39580 -278.76562
  1.320    8.60079 -286.96051 -278.35972
  1.321    8.57153 -286.52622 -277.95468
  1.322    8.54240 -286.09291 -277.55051
  1.323    8.51338 -285.66058 -277.14720
  1.324    8.48448 -285.22923 -276.74475
  1.325    8.45570 -284.79886 -276.34316
  1.326    8.42705 -284.36946 -275.94242
  1.327    8.39851 -283.94103 -275.54253
  1.328    8.37009 -283.51357 -275.14349
  1.329    8.34178 -283.08708 -274.74529
  1.330    8.31360 -282.66154 -274.34795
  1.331    8.28552 -282.23697 -273.95144
  1.332    8.25757 -281.81334 -273.55578
  1.333    8.22973 -281.39068 -273.16095
  1.334    8.20200 -280.96896 -272.76696
  1.335    8.17439 -280.54819 -272.37380
  1.336    8.14690 -280.12837 -271.98147
  1.337    8.11951 -279.70948 -271.58997
  1.338    8.09224 -279.29154 -271.19930
  1.339    8.06508 -278.87453 -270.80945
  1.340    8.03803 -278.45845 -270.42042
  1.341    8.01109 -278.04331 -270.03222
  1.342    7.98426 -277.62909 -269.64483
  1.343    7.95755 -277.21580 -269.25825
  1.344    7.93094 -276.80343 -268.87249
  1.345    7.90444 -276.39198 -268.48754
  1.346    7.87805 -275.98145 -268.10340
  1.347    7.85176 -275.57183 -267.72006
  1.348    7.82558 -275.16312 -267.33753
  1.349    7.79951 -274.75532 -266.95580
  1.350    7.77355 -274.34842 -266.57487
  1.351    7.74769 -273.94243 -266.19474
  1.352    7.72194 -273.53734 -265.81541
  1.353    7.69629 -273.13315 -265.43686
  1.354    7.67074 -272.72985 -265.05911
  1.355    7.64530 -272.32745 -264.68215
  1.356    7.61996 -271.92593 -264.30597
  1.357    7.59472 -271.52530 -263.93058
  1.358    7.56959 -271.12556 -263.55597
  1.359    7.54456 -270.72670 -263.18214
  1.360    7.51962 -270.32872 -262.80910
  1.361    7.49479 -269.93162 -262.43682
  1.362    7.47006 -269.53539 -262.06532
  1.363    7.44543 -269.14003 -261.69460
  1.364    7.42090 -268.74554 -261.32464
  1.365    7.39647 -268.35192 -260.95545
  1.366    7.37213 -267.95916 -260.58703
  1.367    7.34789 -267.56726 -260.21937
  1.368    7.32376 -267.17623 -259.85247
  1.369    7.29971 -266.78604 -259.48633
  1.370    7.27577 -266.39672 -259.12095
  1.371    7.25192 -266.00824 -258.75633
  1.372    7.22816 -265.62062 -258.39246
  1.373    7.20450 -265.23384 -258.02934
  1.374    7.18093 -264.84790 -257.66697
  1.375    7.15746 -264.46281 -257.30535
  1.376    7.13409 -264.07856 -256.94447
  1.377    7.11080 -263.69514 -256.58434
  1.378    7.08761 -263.31256 -256.22495
  1.379    7.06451 -262.93081 -255.86630
  1.380    7.04150 -262.54988 -255.50838
  1.381    7.01859 -262.16979 -255.15120
  1.382    6.99576 -261.79052 -254.79476
  1.383    6.97303 -261.41207 -254.43905
  1.384    6.95038 -261.03445 -254.08406
  1.385    6.92783 -260.65764 -253.72981
  1.386    6.90537 -260.28165 -253.37628
  1.387    6.88299 -259.90646 -253.02347
  1.388    6.86070 -259.53209 -252.67139
  1.389    6.83850 -259.15853 -252.32003
  1.390    6.81639 -258.78578 -251.96938
  1.391    6.79437 -258.41382 -251.61946
  1.392    6.77243 -258.04267 -251.27024
  1.393    6.75058 -257.67232 -250.92174
  1.394    6.72882 -257.30277 -250.57395
  1.395    6.70714 -256.93401 -250.22687
  1.396    6.68555 -256.56604 -249.88049
  1.397    6.66404 -256.19886 -249.53482
  1.398    6.64261 -255.83247 -249.18986
  1.399    6.62127 -255.46686 -248.84559
  1.400    6.60002 -255.10204 -248.50202
  1.401    6.57884 -254.73800 -248.15915
  1.402    6.55776 -254.37474 -247.81698
  1.403    6.53675 -254.01225 -247.47550
  1.404    6.51582 -253.65054 -247.13472
  1.405    6.49498 -253.28960 -246.79462
  1.406    6.47422 -252.92943 -246.45521
  1.407    6.45354 -252.57003 -246.11649
  1.408    6.43294 -252.21139 -245.77845
  1.409    6.41242 -251.85352 -245.44110
  1.410    6.39198 -251.49640 -245.10443
  1.411    6.37162 -251.14005 -244.76843
  1.412    6.35134 -250.78445 -244.43312
  1.413    6.33113 -250.42961 -244.09848
  1.414    6.31101 -250.07552 -243.76451
  1.415    6.29097 -249.72218 -243.43122
  1.416    6.27100 -249.36959 -243.09860
  1.417    6.25111 -249.01775 -242.76664
  1.418    6.23129 -248.66665 -242.43536
  1.419    6.21156 -248.31629 -242.10473
  1.420    6.19190 -247.96667 -241.77478
  1.421    6.17231 -247.61779 -241.44548
  1.422    6.15280 -247.26965 -241.11684
  1.423    6.13337 -246.92224 -240.78887
  1.424    6.11401 -246.57556 -240.46155
  1.425    6.09473 -246.22961 -240.13488
  1.426    6.07552 -245.88439 -239.80887
  1.427    6.05638 -245.53989 -239.48351
  1.428    6.03732 -245.19612 -239.15880
  1.429    6.01833 -244.85307 -238.83473
  1.430    5.99942 -244.51073 -238.51132
  1.431    5.98057 -244.16912 -238.18854
  1.432    5.96180 -243.82822 -237.86642
  1.433    5.94310 -243.48803 -237.54493
  1.434    5.92448 -243.14856 -237.22408
  1.435    5.90592 -242.80979 -236.90387
  1.436    5.88744 -242.47174 -236.58430
  1.437    5.86902 -242.13439 -236.26536
  1.438    5.85068 -241.79774 -235.94706
  1.439    5.83241 -241.46179 -235.62939
  1.440    5.81420 -241.12654 -235.31234
  1.441    5.79607 -240.79199 -234.99593
  1.442    5.77800 -240.45814 -234.68014
  1.443    5.76000 -240.12498 -234.36498
  1.444    5.74208 -239.79251 -234.05044
  1.445    5.72422 -239.46073 -233.73652
  1.446    5.70642 -239.12964 -233.42322
  1.447    5.68870 -238.79924 -233.11054
  1.448    5.67104 -238.46952 -232.79848
  1.449    5.65345 -238.14048 -232.48704
  1.450    5.63593 -237.81213 -232.17620
  1.451    5.61847 -237.48445 -231.86598
  1.452    5.60108 -237.15745 -231.55637
  1.453    5.58375 -236.83112 -231.24737
  1.454    5.56649 -236.50547 -230.93898
  1.455    5.54929 -236.18049 -230.63119
  1.456    5.53216 -235.85618 -230.32401
  1.457    5.51510 -235.53253 -230.01743
  1.458    5.49810 -235.20955 -229.71146
  1.459    5.48116 -234.88724 -229.40608
  1.460    5.46429 -234.56558 -229.10130
  1.461    5.44748 -234.24459 -228.79712
  1.462    5.43073 -233.92426 -228.49353
  1.463    5.41404 -233.60458 -228.19054
  1.464    5.39742 -233.28556 -227.88813
  1.465    5.38086 -232.96719 -227.58632
  1.466    5.36437 -232.64947 -227.28510
  1.467    5.34793 -232.33240 -226.98447
  1.468    5.33156 -232.01598 -226.68442
  1.469    5.31524 -231.70020 -226.38496
  1.470    5.29899 -231.38507 -226.08608
  1.471    5.28280 -231.07058 -225.78778
  1.472    5.26667 -230.75673 -225.49006
  1.473    5.25060 -230.44353 -225.19293
  1.474    5.23459 -230.13095 -224.89636
  1.475    5.21864 -229.81902 -224.60038
  1.476    5.20275 -229.50772 -224.30497
  1.477    5.18691 -229.19704 -224.01013
  1.478    5.17114 -228.88700 -223.71586
  1.479    5.15542 -228.57759 -223.42217
  1.480    5.13977 -228.26881 -223.12904
  1.481    5.12417 -227.96065 -222.83648
  1.482    5.10863 -227.65311 -222.54449
  1.483    5.09315 -227.34620 -222.25306
  1.484    5.07772 -227.03991 -221.96219
  1.485    5.06235 -226.73423 -221.67188
  1.486    5.04704 -226.42918 -221.38214
  1.487    5.03178 -226.12473 -221.09295
  1.488    5.01658 -225.82090 -220.80432
  1.489    5.00144 -225.51769 -220.51625
  1.490    4.98635 -225.21508 -220.22873
  1.491    4.97132 -224.91308 -219.94176
  1.492    4.95635 -224.61169 -219.65535
  1.493    4.94142 -224.31091 -219.36948
  1.494    4.92656 -224.01072 -219.08417
  1.495    4.91175 -223.71114 -218.79940
  1.496    4.89699 -223.41217 -218.51518
  1.497    4.88229 -223.11378 -218.23150
  1.498    4.86764 -222.81600 -217.94837
  1.499    4.85304 -222.51882 -217.66577
  1.500    4.83850 -222.22222 -217.38372
