  1.100 17.700   1.198 15.505   1.295 13.319   1.390 11.143   1.483  8.976   1.571  6.818   1.656  4.669   1.734  2.527   1.807  0.393 
  1.163 17.702   1.260 15.513   1.356 13.333   1.450 11.163   1.540  9.002   1.626  6.849   1.707  4.705   1.782  2.568   1.850  0.439 
  1.225 17.708   1.322 15.525   1.416 13.351   1.508 11.187   1.595  9.031   1.678  6.884   1.755  4.745   1.826  2.613   1.890  0.487 
  1.287 17.718   1.383 15.541   1.475 13.373   1.564 11.214   1.649  9.064   1.728  6.922   1.802  4.787   1.868  2.660   1.927  0.538 
  1.349 17.731   1.442 15.560   1.533 13.399   1.619 11.245   1.700  9.100   1.776  6.963   1.845  4.833   1.907  2.709   1.961  0.591 
  1.409 17.749   1.501 15.584   1.589 13.428   1.672 11.280   1.749  9.140   1.821  7.007   1.885  4.881   1.942  2.761   1.991  0.646 
  1.468 17.770   1.557 15.611   1.642 13.460   1.722 11.317   1.796  9.182   1.863  7.054   1.923  4.931   1.974  2.815   2.018  0.703 
  1.526 17.795   1.612 15.641   1.694 13.496   1.770 11.358   1.840  9.227   1.902  7.103   1.957  4.984   2.003  2.871   2.041  0.761 
  1.582 17.824   1.665 15.675   1.743 13.535   1.815 11.401   1.880  9.275   1.938  7.154   1.987  5.039   2.028  2.928   2.060  0.821 
  1.636 17.856   1.716 15.712   1.790 13.576   1.858 11.448   1.918  9.325   1.971  7.208   2.015  5.096   2.050  2.987   2.076  0.882 
  1.688 17.891   1.764 15.752   1.834 13.621   1.897 11.496   1.953  9.378   2.000  7.264   2.038  5.154   2.068  3.048   2.088  0.944 
  1.737 17.929   1.810 15.796   1.875 13.669   1.934 11.548   1.984  9.432   2.025  7.321   2.058  5.213   2.082  3.109   2.096  1.006 
  1.785 17.971   1.853 15.842   1.914 13.719   1.967 11.601   2.011  9.488   2.047  7.380   2.074  5.274   2.092  3.171   2.100  1.069 
  1.829 18.015   1.893 15.890   1.949 13.771   1.996 11.657   2.035  9.547   2.066  7.440   2.086  5.336   2.098  3.233   2.100  1.131 
  1.871 18.063   1.929 15.941   1.980 13.825   2.022 11.714   2.056  9.606   2.080  7.501   2.095  5.398   2.100  3.296   2.096  1.194 
  1.909 18.112   1.963 15.994   2.008 13.881   2.045 11.772   2.072  9.667   2.091  7.563   2.099  5.461   2.098  3.359   2.088  1.256 
  1.944 18.164   1.993 16.050   2.033 13.939   2.064 11.832   2.085  9.728   2.097  7.625   2.100  5.524   2.093  3.421   2.076  1.318 
  1.976 18.218   2.019 16.106   2.053 13.998   2.078 11.893   2.094  9.790   2.100  7.688   2.096  5.586   2.083  3.484   2.060  1.379 
  2.005 18.274   2.042 16.165   2.071 14.059   2.089 11.955   2.099  9.853   2.099  7.751   2.089  5.649   2.070  3.545   2.041  1.439 
  2.030 18.332   2.061 16.225   2.084 14.120   2.097 12.018   2.100  9.916   2.094  7.814   2.078  5.710   2.052  3.605   2.018  1.497 
  2.051 18.391   2.077 16.286   2.093 14.182   2.100 12.080   2.097  9.978   2.084  7.876   2.062  5.771   2.031  3.664   1.991  1.554 
  2.069 18.451   2.088 16.347   2.098 14.245   2.099 12.143   2.090 10.041   2.071  7.937   2.044  5.831   2.006  3.722   1.961  1.609 
  2.082 18.513   2.096 16.410   2.100 14.308   2.094 12.206   2.079 10.103   2.055  7.998   2.021  5.890   1.978  3.778   1.927  1.662 
  2.092 18.575   2.100 16.473   2.098 14.371   2.086 12.268   2.065 10.164   2.034  8.057   1.995  5.947   1.946  3.833   1.890  1.713 
  2.098 18.637   2.099 16.535   2.091 14.433   2.073 12.330   2.046 10.224   2.010  8.115   1.965  6.002   1.911  3.885   1.850  1.761 
  2.100 18.700   2.095 16.598   2.081 14.495   2.057 12.390   2.024 10.283   1.982  8.171   1.931  6.056   1.873  3.934   1.807  1.807 
  2.098 18.763   2.087 16.660   2.067 14.556   2.037 12.450   1.998 10.340   1.951  8.226   1.895  6.107   1.832  3.982   1.761  1.850 
  2.092 18.825   2.075 16.722   2.049 14.616   2.013 12.508   1.969 10.395   1.916  8.278   1.855  6.155   1.787  4.026   1.713  1.890 
  2.082 18.887   2.059 16.783   2.027 14.675   1.986 12.564   1.936 10.449   1.878  8.328   1.813  6.202   1.740  4.068   1.662  1.927 
  2.069 18.949   2.040 16.842   2.001 14.733   1.955 12.619   1.900 10.500   1.837  8.376   1.767  6.245   1.691  4.107   1.609  1.961 
  2.051 19.009   2.016 16.901   1.972 14.789   1.920 12.672   1.860 10.549   1.793  8.421   1.719  6.285   1.639  4.142   1.554  1.991 
  2.030 19.068   1.989 16.957   1.940 14.842   1.883 12.722   1.818 10.596   1.746  8.463   1.669  6.323   1.585  4.174   1.497  2.018 
  2.005 19.126   1.959 17.012   1.904 14.894   1.842 12.770   1.773 10.640   1.697  8.502   1.616  6.357   1.529  4.203   1.439  2.041 
  1.976 19.182   1.925 17.065   1.865 14.943   1.799 12.815   1.725 10.680   1.646  8.538   1.561  6.387   1.472  4.228   1.379  2.060 
  1.944 19.236   1.888 17.116   1.824 14.990   1.752 12.858   1.675 10.718   1.592  8.571   1.504  6.415   1.413  4.250   1.318  2.076 
  1.909 19.288   1.848 17.164   1.779 15.034   1.704 12.897   1.622 10.753   1.536  8.600   1.446  6.438   1.352  4.268   1.256  2.088 
  1.871 19.337   1.804 17.210   1.731 15.075   1.652 12.934   1.568 10.784   1.479  8.625   1.387  6.458   1.291  4.282   1.194  2.096 
  1.829 19.385   1.758 17.253   1.681 15.114   1.599 12.967   1.512 10.811   1.420  8.647   1.326  6.474   1.229  4.292   1.131  2.100 
  1.785 19.429   1.710 17.293   1.629 15.149   1.543 12.996   1.453 10.835   1.360  8.666   1.264  6.486   1.167  4.298   1.069  2.100 
  1.737 19.471   1.659 17.329   1.575 15.180   1.486 13.022   1.394 10.856   1.299  8.680   1.202  6.495   1.104  4.300   1.006  2.096 
  1.688 19.509   1.606 17.363   1.519 15.208   1.428 13.045   1.333 10.872   1.237  8.691   1.139  6.499   1.041  4.298   0.944  2.088 
  1.636 19.544   1.550 17.393   1.461 15.233   1.368 13.064   1.272 10.885   1.175  8.697   1.076  6.500   0.979  4.293   0.882  2.076 
  1.582 19.576   1.494 17.419   1.402 15.253   1.307 13.078   1.210 10.894   1.112  8.700   1.014  6.496   0.916  4.283   0.821  2.060 
  1.526 19.605   1.435 17.442   1.341 15.271   1.245 13.089   1.147 10.899   1.049  8.699   0.951  6.489   0.855  4.270   0.761  2.041 
  1.468 19.630   1.375 17.461   1.280 15.284   1.182 13.097   1.084 10.900   0.986  8.694   0.890  6.478   0.795  4.252   0.703  2.018 
  1.409 19.651   1.314 17.477   1.218 15.293   1.120 13.100   1.022 10.897   0.924  8.684   0.829  6.462   0.736  4.231   0.646  1.991 
  1.349 19.669   1.253 17.488   1.155 15.298   1.057 13.099   0.959 10.890   0.863  8.671   0.769  6.444   0.678  4.206   0.591  1.961 
  1.287 19.682   1.190 17.496   1.092 15.300   0.994 13.094   0.897 10.879   0.802  8.655   0.710  6.421   0.622  4.178   0.538  1.927 
  1.225 19.692   1.127 17.500   1.029 15.298   0.932 13.086   0.836 10.865   0.743  8.634   0.653  6.395   0.567  4.146   0.487  1.890 
  1.163 19.698   1.065 17.499   0.967 15.291   0.870 13.073   0.776 10.846   0.685  8.610   0.598  6.365   0.515  4.111   0.439  1.850 
  1.100 19.700   1.002 17.495   0.905 15.281   0.810 13.057   0.717 10.824   0.629  8.582   0.544  6.331   0.466  4.073   0.393  1.807 
  1.037 19.698   0.940 17.487   0.844 15.267   0.750 13.037   0.660 10.798   0.574  8.551   0.493  6.295   0.418  4.032   0.350  1.761 
  0.975 19.692   0.878 17.475   0.784 15.249   0.692 13.013   0.605 10.769   0.522  8.516   0.445  6.255   0.374  3.987   0.310  1.713 
  0.913 19.682   0.817 17.459   0.725 15.227   0.636 12.986   0.551 10.736   0.472  8.478   0.398  6.213   0.332  3.940   0.273  1.662 
  0.851 19.669   0.758 17.440   0.667 15.201   0.581 12.955   0.500 10.700   0.424  8.437   0.355  6.167   0.293  3.891   0.239  1.609 
  0.791 19.651   0.699 17.416   0.611 15.172   0.528 12.920   0.451 10.660   0.379  8.393   0.315  6.119   0.258  3.839   0.209  1.554 
  0.732 19.630   0.643 17.389   0.558 15.140   0.478 12.883   0.404 10.618   0.337  8.346   0.277  6.069   0.226  3.785   0.182  1.497 
  0.674 19.605   0.588 17.359   0.506 15.104   0.430 12.842   0.360 10.573   0.298  8.297   0.243  6.016   0.197  3.729   0.159  1.439 
  0.618 19.576   0.535 17.325   0.457 15.065   0.385 12.799   0.320 10.525   0.262  8.246   0.213  5.961   0.172  3.672   0.140  1.379 
  0.564 19.544   0.484 17.288   0.410 15.024   0.342 12.752   0.282 10.475   0.229  8.192   0.185  5.904   0.150  3.613   0.124  1.318 
  0.512 19.509   0.436 17.248   0.366 14.979   0.303 12.704   0.247 10.422   0.200  8.136   0.162  5.846   0.132  3.552   0.112  1.256 
  0.463 19.471   0.390 17.204   0.325 14.931   0.266 12.652   0.216 10.368   0.175  8.079   0.142  5.787   0.118  3.491   0.104  1.194 
  0.415 19.429   0.347 17.158   0.286 14.881   0.233 12.599   0.189 10.312   0.153  8.020   0.126  5.726   0.108  3.429   0.100  1.131 
  0.371 19.385   0.307 17.110   0.251 14.829   0.204 12.543   0.165 10.253   0.134  7.960   0.114  5.664   0.102  3.367   0.100  1.069 
  0.329 19.337   0.271 17.059   0.220 14.775   0.178 12.486   0.144 10.194   0.120  7.899   0.105  5.602   0.100  3.304   0.104  1.006 
  0.291 19.288   0.237 17.006   0.192 14.719   0.155 12.428   0.128 10.133   0.109  7.837   0.101  5.539   0.102  3.241   0.112  0.944 
  0.256 19.236   0.207 16.950   0.167 14.661   0.136 12.368   0.115 10.072   0.103  7.775   0.100  5.476   0.107  3.179   0.124  0.882 
  0.224 19.182   0.181 16.894   0.147 14.602   0.122 12.307   0.106 10.010   0.100  7.712   0.104  5.414   0.117  3.116   0.140  0.821 
  0.195 19.126   0.158 16.835   0.129 14.541   0.111 12.245   0.101  9.947   0.101  7.649   0.111  5.351   0.130  3.055   0.159  0.761 
  0.170 19.068   0.139 16.775   0.116 14.480   0.103 12.182   0.100  9.884   0.106  7.586   0.122  5.290   0.148  2.995   0.182  0.703 
  0.149 19.009   0.123 16.714   0.107 14.418   0.100 12.120   0.103  9.822   0.116  7.524   0.138  5.229   0.169  2.936   0.209  0.646 
  0.131 18.949   0.112 16.653   0.102 14.355   0.101 12.057   0.110  9.759   0.129  7.463   0.156  5.169   0.194  2.878   0.239  0.591 
  0.118 18.887   0.104 16.590   0.100 14.292   0.106 11.994   0.121  9.697   0.145  7.402   0.179  5.110   0.222  2.822   0.273  0.538 
  0.108 18.825   0.100 16.527   0.102 14.229   0.114 11.932   0.135  9.636   0.166  7.343   0.205  5.053   0.254  2.767   0.310  0.487 
  0.102 18.763   0.101 16.465   0.109 14.167   0.127 11.870   0.154  9.576   0.190  7.285   0.235  4.998   0.289  2.715   0.350  0.439 
  0.100 18.700   0.105 16.402   0.119 14.105   0.143 11.810   0.176  9.517   0.218  7.229   0.269  4.944   0.327  2.666   0.393  0.393 
  0.102 18.637   0.113 16.340   0.133 14.044   0.163 11.750   0.202  9.460   0.249  7.174   0.305  4.893   0.368  2.618   0.439  0.350 
  0.108 18.575   0.125 16.278   0.151 13.984   0.187 11.692   0.231  9.405   0.284  7.122   0.345  4.845   0.413  2.574   0.487  0.310 
  0.118 18.513   0.141 16.217   0.173 13.925   0.214 11.636   0.264  9.351   0.322  7.072   0.387  4.798   0.460  2.532   0.538  0.273 
  0.131 18.451   0.160 16.158   0.199 13.867   0.245 11.581   0.300  9.300   0.363  7.024   0.433  4.755   0.509  2.493   0.591  0.239 
  0.149 18.391   0.184 16.099   0.228 13.811   0.280 11.528   0.340  9.251   0.407  6.979   0.481  4.715   0.561  2.458   0.646  0.209 
  0.170 18.332   0.211 16.043   0.260 13.758   0.317 11.478   0.382  9.204   0.454  6.937   0.531  4.677   0.615  2.426   0.703  0.182 
  0.195 18.274   0.241 15.988   0.296 13.706   0.358 11.430   0.427  9.160   0.503  6.898   0.584  4.643   0.671  2.397   0.761  0.159 
  0.224 18.218   0.275 15.935   0.335 13.657   0.401 11.385   0.475  9.120   0.554  6.862   0.639  4.613   0.728  2.372   0.821  0.140 
  0.256 18.164   0.312 15.884   0.376 13.610   0.448 11.342   0.525  9.082   0.608  6.829   0.696  4.585   0.787  2.350   0.882  0.124 
  0.291 18.112   0.352 15.836   0.421 13.566   0.496 11.303   0.578  9.047   0.664  6.800   0.754  4.562   0.848  2.332   0.944  0.112 
  0.329 18.063   0.396 15.790   0.469 13.525   0.548 11.266   0.632  9.016   0.721  6.775   0.813  4.542   0.909  2.318   1.006  0.104 
  0.371 18.015   0.442 15.747   0.519 13.486   0.601 11.233   0.688  8.989   0.780  6.753   0.874  4.526   0.971  2.308   1.069  0.100 
  0.415 17.971   0.490 15.707   0.571 13.451   0.657 11.204   0.747  8.965   0.840  6.734   0.936  4.514   1.033  2.302   1.131  0.100 
  0.463 17.929   0.541 15.671   0.625 13.420   0.714 11.178   0.806  8.944   0.901  6.720   0.998  4.505   1.096  2.300   1.194  0.104 
  0.512 17.891   0.594 15.637   0.681 13.392   0.772 11.155   0.867  8.928   0.963  6.709   1.061  4.501   1.159  2.302   1.256  0.112 
  0.564 17.856   0.650 15.607   0.739 13.367   0.832 11.136   0.928  8.915   1.025  6.703   1.124  4.500   1.221  2.307   1.318  0.124 
  0.618 17.824   0.706 15.581   0.798 13.347   0.893 11.122   0.990  8.906   1.088  6.700   1.186  4.504   1.284  2.317   1.379  0.140 
  0.674 17.795   0.765 15.558   0.859 13.329   0.955 11.111   1.053  8.901   1.151  6.701   1.249  4.511   1.345  2.330   1.439  0.159 
  0.732 17.770   0.825 15.539   0.920 13.316   1.018 11.103   1.116  8.900   1.214  6.706   1.310  4.522   1.405  2.348   1.497  0.182 
  0.791 17.749   0.886 15.523   0.982 13.307   1.080 11.100   1.178  8.903   1.276  6.716   1.371  4.538   1.464  2.369   1.554  0.209 
  0.851 17.731   0.947 15.512   1.045 13.302   1.143 11.101   1.241  8.910   1.337  6.729   1.431  4.556   1.522  2.394   1.609  0.239 
  0.913 17.718   1.010 15.504   1.108 13.300   1.206 11.106   1.303  8.921   1.398  6.745   1.490  4.579   1.578  2.422   1.662  0.273 
  0.975 17.708   1.073 15.500   1.171 13.302   1.268 11.114   1.364  8.935   1.457  6.766   1.547  4.605   1.633  2.454   1.713  0.310 
  1.037 17.702   1.135 15.501   1.233 13.309   1.330 11.127   1.424  8.954   1.515  6.790   1.602  4.635   1.685  2.489   1.761  0.350 
  1.100 17.700   1.198 15.505   1.295 13.319   1.390 11.143   1.483  8.976   1.571  6.818   1.656  4.669   1.734  2.527   1.807  0.393 
  1.100 18.700   1.100 16.500   1.100 14.300   1.100 12.100   1.100  9.900   1.100  7.700   1.100  5.500   1.100  3.300   1.100  1.100 
  1.100 18.700   1.100 16.500   1.100 14.300   1.100 12.100   1.100  9.900   1.100  7.700   1.100  5.500   1.100  3.300   1.100  1.100 
  1.100 18.700   1.100 16.375   1.112 14.176   1.124 11.977   1.136  9.780   1.148  7.585   1.159  5.390   1.169  3.196   1.179  1.003 
  1.100 18.700   1.100 16.375   1.100 14.050   1.125 11.851   1.149  9.655   1.173  7.461   1.196  5.269   1.218  3.080   1.239  0.892 
  1.100 18.700   1.100 16.375   1.100 14.050   1.100 11.725   1.137  9.527   1.173  7.332   1.209  5.141   1.244  2.954   1.277  0.769 
  1.100 18.700   1.100 16.375   1.100 14.050   1.100 11.725   1.100  9.400   1.149  7.202   1.198  5.010   1.245  2.822   1.291  0.638 
  1.100 18.700   1.100 16.375   1.100 14.050   1.100 11.725   1.100  9.400   1.100  7.075   1.161  4.878   1.222  2.687   1.281  0.502 
  1.100 18.700   1.100 16.375   1.100 14.050   1.100 11.725   1.100  9.400   1.100  7.075   1.100  4.750   1.174  2.554   1.246  0.364 
  1.100 18.700   1.100 16.375   1.100 14.050   1.100 11.725   1.100  9.400   1.100  7.075   1.100  4.750   1.100  2.425   1.186  0.229 
  1.100 18.700   1.100 16.375   1.100 14.050   1.100 11.725   1.100  9.400   1.100  7.075   1.100  4.750   1.100  2.425   1.100  0.100 
  1.100 17.900   1.178 15.704   1.256 13.515   1.332 11.334   1.406  9.161   1.477  6.994   1.544  4.835   1.608  2.682   1.666  0.534 
  1.131 17.901   1.210 15.708   1.287 13.522   1.362 11.344   1.435  9.173   1.505  7.010   1.570  4.853   1.631  2.702   1.687  0.557 
  1.163 17.902   1.241 15.712   1.317 13.530   1.392 11.355   1.463  9.187   1.531  7.026   1.595  4.872   1.654  2.723   1.708  0.580 
  1.194 17.906   1.271 15.719   1.347 13.539   1.421 11.367   1.491  9.202   1.557  7.044   1.620  4.892   1.677  2.746   1.728  0.605 
  1.225 17.910   1.302 15.726   1.377 13.549   1.449 11.380   1.518  9.218   1.583  7.062   1.643  4.913   1.698  2.769   1.747  0.630 
  1.256 17.915   1.332 15.734   1.406 13.561   1.477 11.394   1.544  9.235   1.608  7.082   1.666  4.934   1.718  2.792   1.765  0.656 
  1.287 17.922   1.362 15.744   1.435 13.573   1.505 11.410   1.570  9.253   1.631  7.102   1.687  4.957   1.738  2.817   1.782  0.682 
  1.317 17.930   1.392 15.755   1.463 13.587   1.531 11.426   1.595  9.272   1.654  7.123   1.708  4.980   1.756  2.843   1.798  0.709 
  1.347 17.939   1.421 15.767   1.491 13.602   1.557 11.444   1.620  9.292   1.677  7.146   1.728  5.005   1.774  2.869   1.813  0.737 
  1.377 17.949   1.449 15.780   1.518 13.618   1.583 11.462   1.643  9.313   1.698  7.169   1.747  5.030   1.790  2.895   1.827  0.765 
  1.406 17.961   1.477 15.794   1.544 13.635   1.608 11.482   1.666  9.334   1.718  7.192   1.765  5.056   1.806  2.923   1.839  0.794 
  1.435 17.973   1.505 15.810   1.570 13.653   1.631 11.502   1.687  9.357   1.738  7.217   1.782  5.082   1.820  2.951   1.851  0.823 
  1.463 17.987   1.531 15.826   1.595 13.672   1.654 11.523   1.708  9.380   1.756  7.243   1.798  5.109   1.833  2.979   1.861  0.853 
  1.491 18.002   1.557 15.844   1.620 13.692   1.677 11.546   1.728  9.405   1.774  7.269   1.813  5.137   1.845  3.008   1.870  0.883 
  1.518 18.018   1.583 15.862   1.643 13.713   1.698 11.569   1.747  9.430   1.790  7.295   1.827  5.165   1.856  3.038   1.878  0.913 
  1.544 18.035   1.608 15.882   1.666 13.734   1.718 11.592   1.765  9.456   1.806  7.323   1.839  5.194   1.866  3.068   1.885  0.944 
  1.570 18.053   1.631 15.902   1.687 13.757   1.738 11.617   1.782  9.482   1.820  7.351   1.851  5.223   1.874  3.098   1.890  0.975 
  1.595 18.072   1.654 15.923   1.708 13.780   1.756 11.643   1.798  9.509   1.833  7.379   1.861  5.253   1.881  3.129   1.894  1.006 
  1.620 18.092   1.677 15.946   1.728 13.805   1.774 11.669   1.813  9.537   1.845  7.408   1.870  5.283   1.888  3.159   1.898  1.037 
  1.643 18.113   1.698 15.969   1.747 13.830   1.790 11.695   1.827  9.565   1.856  7.438   1.878  5.313   1.892  3.190   1.899  1.069 
  1.666 18.134   1.718 15.992   1.765 13.856   1.806 11.723   1.839  9.594   1.866  7.468   1.885  5.344   1.896  3.222   1.900  1.100 
  1.418 18.076   1.477 15.910   1.533 13.750   1.585 11.595   1.632  9.445   1.674  7.300   1.711  5.158   1.741  3.019   1.766  0.884 
  1.666 18.134   1.718 15.992   1.765 13.856   1.806 11.723   1.839  9.594   1.866  7.468   1.885  5.344   1.896  3.222   1.900  1.100 
  1.509 17.898   1.585 15.742   1.657 13.593   1.724 11.451   1.784  9.315   1.838  7.185   1.885  5.060   1.925  2.939   1.956  0.822 
