-0.126 -0.763
-0.239  0.211
 0.525 -0.607
-0.229 -0.584
 0.831 -0.056
 0.585  0.069
-0.015 -0.065
-0.383  0.489
-0.258 -0.163
 0.827 -0.295
-0.110  0.044
 0.422 -0.498
-0.783 -0.368
 0.700  0.512
-0.051 -0.296
-0.253  0.952
 0.544 -0.617
-0.263 -0.375
 0.827 -0.096
 0.450  0.595
 0.507 -0.496
 0.406 -0.484
 0.741 -0.605
 0.160  0.934
-0.568 -0.217
 0.791  0.439
-0.050 -0.473
 0.293  0.908
 0.242  0.463
-0.988  0.000
 0.249  0.752
-0.214 -0.146
 0.616  0.719
 0.169 -0.182
-0.683 -0.209
-0.282 -0.630
 0.079 -0.609
-0.980  0.155
-0.544 -0.037
 0.409  0.234
 0.003 -0.087
 0.504 -0.288
-0.543  0.592
-0.401 -0.089
-0.451 -0.874
-0.676 -0.642
 0.627  0.352
-0.232  0.739
-0.848  0.387
 0.634 -0.213
-0.619  0.234
 0.066 -0.601
 0.717 -0.587
 0.636 -0.509
 0.126  0.850
-0.573 -0.278
-0.163 -0.017
 0.324  0.335
 0.347  0.861
-0.500  0.605
 0.004  0.506
-0.337  0.758
-0.256 -0.567
 0.097 -0.504
-0.024  0.797
 0.563 -0.041
-0.463 -0.167
 0.875  0.141
 0.313  0.836
 0.411  0.890
-0.174 -0.715
-0.153  0.070
-0.489 -0.401
-0.770 -0.359
-0.696 -0.673
 0.069 -0.136
 0.369  0.644
-0.168  0.513
 0.628  0.185
-0.597  0.024
-0.376 -0.782
 0.002  0.142
 0.220 -0.121
-0.607  0.624
 0.746 -0.186
-0.051  0.139
-0.473 -0.533
 0.558 -0.415
 0.025  0.573
-0.149  0.731
-0.689  0.498
-0.680 -0.396
-0.429 -0.048
 0.351 -0.494
 0.728 -0.338
-0.323  0.781
-0.256 -0.288
-0.129  0.048
 0.335 -0.454
 0.200 -0.121
-0.236 -0.242
-0.149  0.944
-0.540  0.694
-0.300 -0.792
-0.680  0.326
-0.817  0.560
-0.200 -0.713
-0.003 -0.321
 0.042  0.640
 0.385  0.915
-0.184  0.672
-0.099 -0.603
-0.909  0.127
 0.054  0.941
-0.212 -0.781
 0.588  0.192
 0.855  0.268
-0.955 -0.152
 0.485  0.642
 0.016  0.977
 0.514 -0.275
-0.731  0.179
-0.123  0.609
 0.594  0.084
-0.373 -0.408
 0.117  0.048
-0.349 -0.890
 0.551 -0.237
 0.581  0.673
 0.729 -0.681
-0.024 -0.827
 0.028 -0.313
 0.636 -0.210
-0.231  0.102
 0.191 -0.699
 0.091  0.094
-0.609  0.503
 0.101  0.539
 0.037 -0.961
-0.091 -0.200
-0.305  0.240
-0.650  0.323
 0.434  0.250
-0.602  0.697
-0.344  0.606
-0.281 -0.314
-0.470 -0.263
-0.396  0.359
-0.053 -0.938
 0.462  0.382
-0.255 -0.456
-0.405 -0.607
 0.148 -0.524
-0.069  0.020
-0.298 -0.267
-0.423 -0.238
 0.558 -0.337
 0.102 -0.250
 0.309  0.414
 0.569 -0.561
 0.413 -0.282
-0.582 -0.613
 0.338  0.017
-0.518 -0.482
 0.489  0.060
-0.237 -0.680
-0.110  0.911
 0.778 -0.198
-0.656 -0.389
 0.335  0.513
 0.731 -0.329
 0.105 -0.120
 0.005 -0.533
 0.461 -0.255
-0.242  0.412
 0.224  0.478
 0.681 -0.365
-0.233  0.375
-0.354 -0.303
-0.399 -0.178
-0.411  0.608
 0.053  0.107
 0.455  0.684
-0.655  0.033
-0.143  0.780
-0.527 -0.806
-0.426  0.423
 0.386  0.106
-0.733 -0.461
 0.123  0.143
 0.999 -0.032
-0.811  0.416
 0.790 -0.402
-0.565 -0.248
 0.112 -0.018
-0.061  0.980
-0.049 -0.571
-0.562  0.573
 0.100 -0.437
-0.617  0.319
-0.703 -0.369
-0.615 -0.132
-0.240 -0.321
-0.376 -0.481
 0.287  0.943
-0.439  0.790
-0.573  0.569
-0.023 -0.306
-0.468  0.139
-0.681 -0.003
-0.147  0.127
 0.393  0.257
 0.393  0.482
-0.184 -0.454
 0.150 -0.492
 0.340  0.361
-0.802 -0.315
-0.615 -0.643
 0.552  0.218
-0.771 -0.608
-0.591 -0.313
 0.154 -0.735
 0.035 -0.785
 0.463 -0.546
 0.746  0.358
-0.064  0.713
-0.020  0.526
-0.766 -0.143
 0.847 -0.103
-0.088 -0.481
 0.286  1.849
-0.770  1.829
-0.880  2.574
-0.926  2.080
-0.622  2.558
 0.030  1.325
 0.094  2.134
-0.680  2.820
-0.119  1.968
-0.296  2.364
-0.550  1.671
 0.633  2.660
-0.581  2.493
-0.724  1.801
-0.271  1.610
-0.627  2.320
-0.178  2.237
 0.663  2.298
-0.905  2.210
 0.096  2.810
 0.050  3.189
-0.726  1.913
 0.124  1.928
-0.482  2.980
-0.335  1.539
-0.526  2.109
-0.810  2.211
 0.344  1.361
 0.743  2.370
 0.795  2.280
 0.602  1.718
 0.388  1.425
 0.830  2.361
 0.086  1.274
-0.364  1.968
 0.920  1.943
-0.128  1.679
 0.424  1.714
-0.454  1.992
 0.654  2.331
 0.223  1.516
-0.798  2.525
-0.032  1.729
-0.244  2.915
 0.350  2.306
-0.160  1.742
 0.124  1.484
-0.467  2.412
 0.499  2.517
 0.625  2.252
-0.730  2.551
-0.459  2.895
-0.903  2.201
-0.609  2.183
-0.655  2.641
 0.351  2.653
-0.476  1.669
 0.608  2.778
-0.597  2.063
 0.276  2.566
 0.303  2.562
-0.648  2.212
-0.419  2.832
-0.713  1.651
-0.545  2.102
 0.443  2.165
-0.229  1.860
 0.460  2.047
 0.527  2.111
 0.250  3.103
-0.230  2.757
-0.150  1.535
-0.693  1.913
 0.102  1.681
 0.924  2.158
 0.329  1.849
 0.640  2.311
 0.547  4.383
-0.377  5.294
 0.715  4.697
-0.082  4.134
 0.040  3.513
 0.255  3.599
-0.390  4.236
 0.549  5.013
-0.644  5.237
 0.273  4.137
 0.011  4.292
-0.495  5.267
 0.449  4.062
 0.422  5.169
-0.641  3.790
-0.183  4.145
-0.496  5.030
-0.411  3.902
-0.085  4.946
-0.852  4.910
-0.420  5.168
-0.449  4.490
 0.750  4.663
-0.262  5.338
-0.314  4.706
-0.146  4.964
