 1.000000    3.73461    3.62577    3.51693    3.40809    3.29925    3.19041    3.08156    2.97272    2.86388    2.75504    2.64620    2.53736    2.42851    2.31967    2.21083    2.10199    1.99315    1.88431    1.77546    1.66662    1.55778
 0.956522    3.87682    3.76257    3.64833    3.53408    3.41983    3.30558    3.19133    3.07708    2.96284    2.84859    2.73434    2.62009    2.50584    2.39160    2.27735    2.16310    2.04885    1.93460    1.82035    1.70611    1.59186
 0.916667    4.01680    3.89711    3.77741    3.65771    3.53801    3.41831    3.29861    3.17891    3.05922    2.93952    2.81982    2.70012    2.58042    2.46072    2.34102    2.22133    2.10163    1.98193    1.86223    1.74253    1.62283
 0.880000    4.15458    4.02939    3.90420    3.77900    3.65381    3.52862    3.40342    3.27823    3.15304    3.02784    2.90265    2.77746    2.65226    2.52707    2.40188    2.27668    2.15149    2.02630    1.90110    1.77591    1.65072
 0.846154    4.29018    4.15945    4.02871    3.89798    3.76725    3.63652    3.50578    3.37505    3.24432    3.11359    2.98285    2.85212    2.72139    2.59065    2.45992    2.32919    2.19846    2.06772    1.93699    1.80626    1.67553
 0.814815    4.42362    4.28731    4.15099    4.01467    3.87835    3.74203    3.60572    3.46940    3.33308    3.19676    3.06045    2.92413    2.78781    2.65149    2.51517    2.37886    2.24254    2.10622    1.96990    1.83359    1.69727
 0.785714    4.55493    4.41299    4.27104    4.12909    3.98714    3.84519    3.70324    3.56129    3.41935    3.27740    3.13545    2.99350    2.85155    2.70960    2.56765    2.42570    2.28376    2.14181    1.99986    1.85791    1.71596
 0.758621    4.68414    4.53651    4.38889    4.24126    4.09364    3.94601    3.79838    3.65076    3.50313    3.35550    3.20788    3.06025    2.91262    2.76500    2.61737    2.46975    2.32212    2.17449    2.02687    1.87924    1.73161
 0.733333    4.81126    4.65791    4.50456    4.35121    4.19786    4.04451    3.89116    3.73781    3.58446    3.43111    3.27775    3.12440    2.97105    2.81770    2.66435    2.51100    2.35765    2.20430    2.05095    1.89760    1.74424
 0.709677    4.93633    4.77721    4.61809    4.45896    4.29984    4.14072    3.98159    3.82247    3.66335    3.50422    3.34510    3.18598    3.02685    2.86773    2.70860    2.54948    2.39036    2.23123    2.07211    1.91299    1.75386
 0.687500    5.05937    4.89443    4.72948    4.56454    4.39960    4.23465    4.06971    3.90476    3.73982    3.57487    3.40993    3.24499    3.08004    2.91510    2.75015    2.58521    2.42026    2.25532    2.09038    1.92543    1.76049
 0.666667    5.18041    5.00960    4.83878    4.66797    4.49715    4.32634    4.15553    3.98471    3.81390    3.64308    3.47227    3.30146    3.13064    2.95983    2.78901    2.61820    2.44739    2.27657    2.10576    1.93494    1.76413
 0.647059    5.29947    5.12274    4.94600    4.76927    4.59254    4.41580    4.23907    4.06234    3.88560    3.70887    3.53214    3.35540    3.17867    3.00194    2.82520    2.64847    2.47174    2.29500    2.11827    1.94154    1.76480
 0.628571    5.41658    5.23388    5.05118    4.86847    4.68577    4.50307    4.32036    4.13766    3.95496    3.77226    3.58955    3.40685    3.22415    3.04144    2.85874    2.67604    2.49334    2.31063    2.12793    1.94523   1.765
 0.611111    5.53177    5.34305    5.15433    4.96560    4.77688    4.58816    4.39943    4.21071    4.02199    3.83326    3.64454    3.45582    3.26710    3.07837    2.88965    2.70093    2.51220    2.32348    2.13476    1.94603   1.765
 0.594595    5.64507    5.45028    5.25548    5.06069    4.86589    4.67110    4.47630    4.28151    4.08671    3.89192    3.69712    3.50233    3.30753    3.11274    2.91794    2.72315    2.52835    2.33356    2.13876   1.946   1.765
 0.578947    5.75651    5.55559    5.35467    5.15375    4.95283    4.75191    4.55099    4.35008    4.14916    3.94824    3.74732    3.54640    3.34548    3.14456    2.94364    2.74272    2.54180    2.34088    2.13997   1.946   1.765
 0.564103    5.86611    5.65902    5.45192    5.24482    5.03773    4.83063    4.62354    4.41644    4.20934    4.00225    3.79515    3.58806    3.38096    3.17386    2.96677    2.75967    2.55258    2.34548   2.140   1.946   1.765
 0.550000    5.97391    5.76058    5.54726    5.33393    5.12060    4.90728    4.69395    4.48063    4.26730    4.05397    3.84065    3.62732    3.41399    3.20067    2.98734    2.77401    2.56069    2.34736   2.140   1.946   1.765
 0.536585    6.07993    5.86032    5.64071    5.42110    5.20149    4.98188    4.76227    4.54266    4.32305    4.10344    3.88382    3.66421    3.44460    3.22499    3.00538    2.78577    2.56616   2.347   2.140   1.946   1.765
 0.523810    6.18422    5.95827    5.73231    5.50636    5.28041    5.05446    4.82851    4.60256    4.37661    4.15066    3.92471    3.69876    3.47281    3.24686    3.02091    2.79496    2.56901   2.347   2.140   1.946   1.765
 0.511628    6.28679    6.05444    5.82209    5.58975    5.35740    5.12506    4.89271    4.66037    4.42802    4.19568    3.96333    3.73098    3.49864    3.26629    3.03395    2.80160    2.56926   2.347   2.140   1.946   1.765
 0.500000    6.38768    6.14888    5.91008    5.67129    5.43249    5.19369    4.95489    4.71610    4.47730    4.23850    3.99971    3.76091    3.52211    3.28331    3.04452    2.80572   2.569   2.347   2.140   1.946   1.765
 0.488889    6.48692    6.24162    5.99631    5.75100    5.50570    5.26039    5.01509    4.76978    4.52447    4.27917    4.03386    3.78856    3.54325    3.29794    3.05264    2.80733   2.569   2.347   2.140   1.946   1.765
 0.478261    6.58455    6.33268    6.08081    5.82893    5.57706    5.32519    5.07332    4.82144    4.56957    4.31770    4.06583    3.81395    3.56208    3.31021    3.05834   2.807   2.569   2.347   2.140   1.946   1.765
 0.468085    6.68060    6.42211    6.16361    5.90511    5.64661    5.38811    5.12962    4.87112    4.61262    4.35412    4.09563    3.83713    3.57863    3.32013    3.06163   2.807   2.569   2.347   2.140   1.946   1.765
 0.458333    6.77511    6.50993    6.24474    5.97956    5.71438    5.44920    5.18401    4.91883    4.65365    4.38847    4.12328    3.85810    3.59292    3.32774    3.06255   2.807   2.569   2.347   2.140   1.946   1.765
 0.448980    6.86810    6.59618    6.32425    6.05232    5.78039    5.50847    5.23654    4.96461    4.69268    4.42076    4.14883    3.87690    3.60497    3.33305   3.063   2.807   2.569   2.347   2.140   1.946   1.765
 0.440000    6.95962    6.68089    6.40216    6.12342    5.84469    5.56596    5.28722    5.00849    4.72976    4.45102    4.17229    3.89355    3.61482    3.33609   3.063   2.807   2.569   2.347   2.140   1.946   1.765
 0.431373    7.04971    6.76410    6.47850    6.19290    5.90730    5.62170    5.33610    5.05049    4.76489    4.47929    4.19369    3.90809    3.62249    3.33688   3.063   2.807   2.569   2.347   2.140   1.946   1.765
 0.423077    7.13839    6.84585    6.55332    6.26079    5.96826    5.67572    5.38319    5.09066    4.79813    4.50559    4.21306    3.92053    3.62800   3.337   3.063   2.807   2.569   2.347   2.140   1.946   1.765
 0.415094    7.22570    6.92618    6.62665    6.32712    6.02760    5.72807    5.42854    5.12901    4.82949    4.52996    4.23043    3.93091    3.63138   3.337   3.063   2.807   2.569   2.347   2.140   1.946   1.765
 0.407407    7.31169    7.00511    6.69852    6.39194    6.08535    5.77876    5.47218    5.16559    4.85901    4.55242    4.24583    3.93925    3.63266   3.337   3.063   2.807   2.569   2.347   2.140   1.946   1.765
 0.400000    7.39640    7.08269    6.76898    6.45527    6.14156    5.82785    5.51414    5.20043    4.88672    4.57301    4.25930    3.94558   3.633   3.337   3.063   2.807   2.569   2.347   2.140   1.946   1.765
 0.392857    7.47986    7.15895    6.83805    6.51715    6.19625    5.87535    5.55445    5.23355    4.91265    4.59175    4.27085    3.94994   3.633   3.337   3.063   2.807   2.569   2.347   2.140   1.946   1.765
 0.385965    7.56211    7.23395    6.90579    6.57763    6.24947    5.92131    5.59315    5.26499    4.93683    4.60867    4.28052    3.95236   3.633   3.337   3.063   2.807   2.569   2.347   2.140   1.946   1.765
 0.379310    7.64319    7.30771    6.97222    6.63674    6.30125    5.96577    5.63028    5.29480    4.95931    4.62382    4.28834    3.95285   3.633   3.337   3.063   2.807   2.569   2.347   2.140   1.946   1.765
 0.372881    7.72315    7.38027    7.03739    6.69451    6.35163    6.00875    5.66587    5.32299    4.98011    4.63723    4.29435   3.953   3.633   3.337   3.063   2.807   2.569   2.347   2.140   1.946   1.765
 0.366667    7.80204    7.45169    7.10134    6.75100    6.40065    6.05031    5.69996    5.34961    4.99927    4.64892    4.29858   3.953   3.633   3.337   3.063   2.807   2.569   2.347   2.140   1.946   1.765
 0.360656    7.87988    7.52200    7.16412    6.80623    6.44835    6.09047    5.73258    5.37470    5.01682    4.65894    4.30105   3.953   3.633   3.337   3.063   2.807   2.569   2.347   2.140   1.946   1.765
 0.354839    7.95673    7.59124    7.22575    6.86026    6.49477    6.12928    5.76378    5.39829    5.03280    4.66731    4.30182   3.953   3.633   3.337   3.063   2.807   2.569   2.347   2.140   1.946   1.765
 0.349206    8.03264    7.65947    7.28629    6.91312    6.53994    6.16677    5.79360    5.42042    5.04725    4.67408   4.302   3.953   3.633   3.337   3.063   2.807   2.569   2.347   2.140   1.946   1.765
 0.343750    8.10764    7.72671    7.34578    6.96485    6.58392    6.20299    5.82206    5.44113    5.06020    4.67927   4.302   3.953   3.633   3.337   3.063   2.807   2.569   2.347   2.140   1.946   1.765
 0.338462    8.18180    7.79303    7.40427    7.01551    6.62675    6.23799    5.84923    5.46046    5.07170    4.68294   4.302   3.953   3.633   3.337   3.063   2.807   2.569   2.347   2.140   1.946   1.765
 0.333333    8.25514    7.85847    7.46180    7.06513    6.66846    6.27179    5.87512    5.47845    5.08178    4.68511   4.302   3.953   3.633   3.337   3.063   2.807   2.569   2.347   2.140   1.946   1.765
 0.328358    8.32773    7.92308    7.51842    7.11376    6.70911    6.30445    5.89980    5.49514    5.09049    4.68583   4.302   3.953   3.633   3.337   3.063   2.807   2.569   2.347   2.140   1.946   1.765
 0.323529    8.39961    7.98689    7.57417    7.16145    6.74873    6.33601    5.92329    5.51057    5.09785   4.686   4.302   3.953   3.633   3.337   3.063   2.807   2.569   2.347   2.140   1.946   1.765
 0.318841    8.47084    8.04998    7.62911    7.20825    6.78738    6.36652    5.94565    5.52479    5.10392   4.686   4.302   3.953   3.633   3.337   3.063   2.807   2.569   2.347   2.140   1.946   1.765
 0.314286    8.54146    8.11237    7.68328    7.25419    6.82510    6.39601    5.96692    5.53783    5.10874   4.686   4.302   3.953   3.633   3.337   3.063   2.807   2.569   2.347   2.140   1.946   1.765
 0.309859    8.61154    8.17414    7.73674    7.29934    6.86194    6.42454    5.98715    5.54975    5.11235   4.686   4.302   3.953   3.633   3.337   3.063   2.807   2.569   2.347   2.140   1.946   1.765
 0.305556    8.68111    8.23532    7.78953    7.34374    6.89795    6.45216    6.00637    5.56058    5.11479   4.686   4.302   3.953   3.633   3.337   3.063   2.807   2.569   2.347   2.140   1.946   1.765
 0.301370    8.75024    8.29598    7.84171    7.38745    6.93318    6.47891    6.02465    5.57038    5.11612   4.686   4.302   3.953   3.633   3.337   3.063   2.807   2.569   2.347   2.140   1.946   1.765
 0.297297    8.81899    8.35616    7.89334    7.43051    6.96768    6.50485    6.04202    5.57919    5.11636   4.686   4.302   3.953   3.633   3.337   3.063   2.807   2.569   2.347   2.140   1.946   1.765
 0.293333    8.88741    8.41593    7.94446    7.47298    7.00150    6.53002    6.05854    5.58706   5.116   4.686   4.302   3.953   3.633   3.337   3.063   2.807   2.569   2.347   2.140   1.946   1.765
 0.289474    8.95556    8.47535    7.99513    7.51491    7.03469    6.55448    6.07426    5.59404   5.116   4.686   4.302   3.953   3.633   3.337   3.063   2.807   2.569   2.347   2.140   1.946   1.765
 0.285714    9.02350    8.53446    8.04541    7.55637    7.06732    6.57827    6.08923    5.60018   5.116   4.686   4.302   3.953   3.633   3.337   3.063   2.807   2.569   2.347   2.140   1.946   1.765
 0.282051    9.09130    8.59333    8.09536    7.59740    7.09943    6.60146    6.10350    5.60553   5.116   4.686   4.302   3.953   3.633   3.337   3.063   2.807   2.569   2.347   2.140   1.946   1.765
 0.278481    9.15900    8.65202    8.14504    7.63806    7.13108    6.62410    6.11712    5.61014   5.116   4.686   4.302   3.953   3.633   3.337   3.063   2.807   2.569   2.347   2.140   1.946   1.765
 0.275000    9.22668    8.71060    8.19451    7.67842    7.16233    6.64624    6.13016    5.61407   5.116   4.686   4.302   3.953   3.633   3.337   3.063   2.807   2.569   2.347   2.140   1.946   1.765
 0.271605    9.29441    8.76912    8.24383    7.71853    7.19324    6.66795    6.14266    5.61737   5.116   4.686   4.302   3.953   3.633   3.337   3.063   2.807   2.569   2.347   2.140   1.946   1.765
 0.268293    9.36224    8.82765    8.29306    7.75846    7.22387    6.68928    6.15468    5.62009   5.116   4.686   4.302   3.953   3.633   3.337   3.063   2.807   2.569   2.347   2.140   1.946   1.765
 0.265060    9.43025    8.88626    8.34227    7.79827    7.25428    6.71028    6.16629    5.62230   5.116   4.686   4.302   3.953   3.633   3.337   3.063   2.807   2.569   2.347   2.140   1.946   1.765
 0.261905    9.49851    8.94501    8.39152    7.83802    7.28453    6.73103    6.17754    5.62405   5.116   4.686   4.302   3.953   3.633   3.337   3.063   2.807   2.569   2.347   2.140   1.946   1.765
 0.258824    9.56708    9.00398    8.44088    7.87779    7.31469    6.75159    6.18849    5.62539   5.116   4.686   4.302   3.953   3.633   3.337   3.063   2.807   2.569   2.347   2.140   1.946   1.765
 0.255814    9.63604    9.06323    8.49043    7.91762    7.34482    6.77201    6.19921    5.62640   5.116   4.686   4.302   3.953   3.633   3.337   3.063   2.807   2.569   2.347   2.140   1.946   1.765
 0.252874    9.70546    9.12284    8.54022    7.95761    7.37499    6.79237    6.20975    5.62713   5.116   4.686   4.302   3.953   3.633   3.337   3.063   2.807   2.569   2.347   2.140   1.946   1.765
 0.250000    9.77542    9.18288    8.59034    7.99781    7.40527    6.81273    6.22019    5.62765   5.116   4.686   4.302   3.953   3.633   3.337   3.063   2.807   2.569   2.347   2.140   1.946   1.765
 0.247191    9.84599    9.24343    8.64086    8.03829    7.43572    6.83316    6.23059    5.62802   5.116   4.686   4.302   3.953   3.633   3.337   3.063   2.807   2.569   2.347   2.140   1.946   1.765
 0.244444    9.91726    9.30455    8.69185    8.07914    7.46643    6.85372    6.24101    5.62831   5.116   4.686   4.302   3.953   3.633   3.337   3.063   2.807   2.569   2.347   2.140   1.946   1.765
 0.241758    9.98930    9.36634    8.74338    8.12042    7.49746    6.87450    6.25154    5.62857   5.116   4.686   4.302   3.953   3.633   3.337   3.063   2.807   2.569   2.347   2.140   1.946   1.765
 0.239130   10.06220    9.42887    8.79554    8.16221    7.52888    6.89556    6.26223    5.62890   5.116   4.686   4.302   3.953   3.633   3.337   3.063   2.807   2.569   2.347   2.140   1.946   1.765
 0.236559   10.13604    9.49222    8.84841    8.20460    7.56078    6.91697    6.27316    5.62934   5.116   4.686   4.302   3.953   3.633   3.337   3.063   2.807   2.569   2.347   2.140   1.946   1.765
 0.234043   10.21090    9.55648    8.90207    8.24765    7.59324    6.93882    6.28440    5.62999   5.116   4.686   4.302   3.953   3.633   3.337   3.063   2.807   2.569   2.347   2.140   1.946   1.765
 0.231579   10.28688    9.62174    8.95660    8.29146    7.62632    6.96118    6.29604    5.63090   5.116   4.686   4.302   3.953   3.633   3.337   3.063   2.807   2.569   2.347   2.140   1.946   1.765
 0.229167   10.36406    9.68807    9.01209    8.33610    7.66012    6.98413    6.30815    5.63216   5.116   4.686   4.302   3.953   3.633   3.337   3.063   2.807   2.569   2.347   2.140   1.946   1.765
 0.226804   10.44254    9.75558    9.06863    8.38167    7.69471    7.00775    6.32080    5.63384   5.116   4.686   4.302   3.953   3.633   3.337   3.063   2.807   2.569   2.347   2.140   1.946   1.765
 0.224490   10.52241    9.82435    9.12630    8.42824    7.73019    7.03213    6.33408    5.63602   5.116   4.686   4.302   3.953   3.633   3.337   3.063   2.807   2.569   2.347   2.140   1.946   1.765
 0.222222   10.60377    9.89448    9.18520    8.47592    7.76664    7.05736    6.34807    5.63879   5.116   4.686   4.302   3.953   3.633   3.337   3.063   2.807   2.569   2.347   2.140   1.946   1.765
 0.220000   10.68671    9.96607    9.24543    8.52479    7.80415    7.08350    6.36286    5.64222   5.116   4.686   4.302   3.953   3.633   3.337   3.063   2.807   2.569   2.347   2.140   1.946   1.765
 0.217822   10.77134   10.03920    9.30707    8.57494    7.84281    7.11067    6.37854    5.64641   5.116   4.686   4.302   3.953   3.633   3.337   3.063   2.807   2.569   2.347   2.140   1.946   1.765
 0.215686   10.85776   10.11399    9.37023    8.62647    7.88271    7.13895    6.39519    5.65143   5.116   4.686   4.302   3.953   3.633   3.337   3.063   2.807   2.569   2.347   2.140   1.946   1.765
 0.213592   10.94607   10.19054    9.43501    8.67949    7.92396    7.16843    6.41290    5.65737   5.116   4.686   4.302   3.953   3.633   3.337   3.063   2.807   2.569   2.347   2.140   1.946   1.765
 0.211538   11.03639   10.26896    9.50152    8.73408    7.96664    7.19921    6.43177    5.66433   5.116   4.686   4.302   3.953   3.633   3.337   3.063   2.807   2.569   2.347   2.140   1.946   1.765
 0.209524   11.12883   10.34934    9.56985    8.79036    8.01087    7.23138    6.45190    5.67241   5.116   4.686   4.302   3.953   3.633   3.337   3.063   2.807   2.569   2.347   2.140   1.946   1.765
 0.207547   11.22349   10.43181    9.64012    8.84843    8.05675    7.26506    6.47337    5.68169   5.116   4.686   4.302   3.953   3.633   3.337   3.063   2.807   2.569   2.347   2.140   1.946   1.765
 0.205607   11.32050   10.51647    9.71244    8.90840    8.10437    7.30034    6.49630    5.69227   5.116   4.686   4.302   3.953   3.633   3.337   3.063   2.807   2.569   2.347   2.140   1.946   1.765
 0.203704   11.41998   10.60345    9.78691    8.97038    8.15385    7.33732    6.52079    5.70425   5.116   4.686   4.302   3.953   3.633   3.337   3.063   2.807   2.569   2.347   2.140   1.946   1.765
 0.201835   11.52204   10.69286    9.86367    9.03449    8.20530    7.37612    6.54693    5.71775   5.116   4.686   4.302   3.953   3.633   3.337   3.063   2.807   2.569   2.347   2.140   1.946   1.765
 0.200000   11.62682   10.78482    9.94283    9.10083    8.25884    7.41684    6.57484    5.73285   5.116   4.686   4.302   3.953   3.633   3.337   3.063   2.807   2.569   2.347   2.140   1.946   1.765
 0.198198   11.73444   10.87947   10.02450    9.16954    8.31457    7.45960    6.60464    5.74967   5.116   4.686   4.302   3.953   3.633   3.337   3.063   2.807   2.569   2.347   2.140   1.946   1.765
 0.196429   11.84503   10.97693   10.10883    9.24072    8.37262    7.50452    6.63642    5.76832   5.116   4.686   4.302   3.953   3.633   3.337   3.063   2.807   2.569   2.347   2.140   1.946   1.765
 0.194690   11.95873   11.07732   10.19592    9.31452    8.43312    7.55172    6.67032    5.78892   5.116   4.686   4.302   3.953   3.633   3.337   3.063   2.807   2.569   2.347   2.140   1.946   1.765
 0.192982   12.07567   11.18080   10.28593    9.39106    8.49618    7.60131    6.70644    5.81157   5.116   4.686   4.302   3.953   3.633   3.337   3.063   2.807   2.569   2.347   2.140   1.946   1.765
 0.191304   12.19600   11.28749   10.37897    9.47046    8.56195    7.65343    6.74492    5.83640   5.116   4.686   4.302   3.953   3.633   3.337   3.063   2.807   2.569   2.347   2.140   1.946   1.765
 0.189655   12.31987   11.39754   10.47520    9.55287    8.63054    7.70820    6.78587    5.86353   5.116   4.686   4.302   3.953   3.633   3.337   3.063   2.807   2.569   2.347   2.140   1.946   1.765
 0.188034   12.44742   11.51109   10.57476    9.63843    8.70209    7.76576    6.82943    5.89309   5.116   4.686   4.302   3.953   3.633   3.337   3.063   2.807   2.569   2.347   2.140   1.946   1.765
 0.186441   12.57881   11.62830   10.67778    9.72727    8.77675    7.82624    6.87572    5.92521   5.116   4.686   4.302   3.953   3.633   3.337   3.063   2.807   2.569   2.347   2.140   1.946   1.765
 0.184874   12.71420   11.74931   10.78443    9.81954    8.85466    7.88978    6.92489    5.96001   5.116   4.686   4.302   3.953   3.633   3.337   3.063   2.807   2.569   2.347   2.140   1.946   1.765
 0.183333   12.85374   11.87429   10.89485    9.91541    8.93596    7.95652    6.97708    5.99763   5.116   4.686   4.302   3.953   3.633   3.337   3.063   2.807   2.569   2.347   2.140   1.946   1.765
 0.181818   12.99760   12.00340   11.00921   10.01501    9.02081    8.02661    7.03241    6.03822   5.116   4.686   4.302   3.953   3.633   3.337   3.063   2.807   2.569   2.347   2.140   1.946   1.765
 0.180328   13.14596   12.13681   11.12766   10.11851    9.10936    8.10021    7.09106    6.08191   5.116   4.686   4.302   3.953   3.633   3.337   3.063   2.807   2.569   2.347   2.140   1.946   1.765
 0.178862   13.29898   12.27468   11.25037   10.22607    9.20176    8.17746    7.15315    6.12885   5.116   4.686   4.302   3.953   3.633   3.337   3.063   2.807   2.569   2.347   2.140   1.946   1.765
 0.177419   13.45685   12.41719   11.37752   10.33786    9.29819    8.25852    7.21886    6.17919    5.13953   4.686   4.302   3.953   3.633   3.337   3.063   2.807   2.569   2.347   2.140   1.946   1.765
 0.176000   13.61976   12.56452   11.50928   10.45404    9.39881    8.34357    7.28833    6.23310    5.17786   4.686   4.302   3.953   3.633   3.337   3.063   2.807   2.569   2.347   2.140   1.946   1.765
 0.174603   13.78788   12.71686   11.64583   10.57481    9.50379    8.43276    7.36174    6.29072    5.21969   4.686   4.302   3.953   3.633   3.337   3.063   2.807   2.569   2.347   2.140   1.946   1.765
 0.173228   13.96143   12.87440   11.78737   10.70034    9.61331    8.52628    7.43925    6.35222    5.26519   4.686   4.302   3.953   3.633   3.337   3.063   2.807   2.569   2.347   2.140   1.946   1.765
 0.171875   14.14059   13.03733   11.93407   10.83081    9.72755    8.62429    7.52103    6.41776    5.31450   4.686   4.302   3.953   3.633   3.337   3.063   2.807   2.569   2.347   2.140   1.946   1.765
 0.170543   14.32557   13.20585   12.08613   10.96641    9.84670    8.72698    7.60726    6.48754    5.36782   4.686   4.302   3.953   3.633   3.337   3.063   2.807   2.569   2.347   2.140   1.946   1.765
 0.169231   14.51660   13.38018   12.24377   11.10736    9.97095    8.83453    7.69812    6.56171    5.42529   4.686   4.302   3.953   3.633   3.337   3.063   2.807   2.569   2.347   2.140   1.946   1.765
 0.167939   14.71387   13.56053   12.40718   11.25384   10.10050    8.94715    7.79381    6.64046    5.48712   4.686   4.302   3.953   3.633   3.337   3.063   2.807   2.569   2.347   2.140   1.946   1.765
 0.166667   14.91763   13.74711   12.57659   11.40607   10.23555    9.06503    7.89451    6.72399    5.55347   4.686   4.302   3.953   3.633   3.337   3.063   2.807   2.569   2.347   2.140   1.946   1.765
 0.165414   15.12810   13.94015   12.75221   11.56426   10.37631    9.18837    8.00042    6.81248    5.62453   4.686   4.302   3.953   3.633   3.337   3.063   2.807   2.569   2.347   2.140   1.946   1.765
 0.164179   15.34551   14.13988   12.93426   11.72864   10.52301    9.31739    8.11176    6.90614    5.70051   4.686   4.302   3.953   3.633   3.337   3.063   2.807   2.569   2.347   2.140   1.946   1.765
 0.162963   15.57012   14.34655   13.12299   11.89942   10.67586    9.45229    8.22873    7.00516    5.78160   4.686   4.302   3.953   3.633   3.337   3.063   2.807   2.569   2.347   2.140   1.946   1.765
 0.161765   15.80217   14.56040   13.31863   12.07685   10.83508    9.59331    8.35154    7.10977    5.86800   4.686   4.302   3.953   3.633   3.337   3.063   2.807   2.569   2.347   2.140   1.946   1.765
 0.160584   16.04192   14.78167   13.52142   12.26117   11.00092    9.74068    8.48043    7.22018    5.95993    4.69968   4.302   3.953   3.633   3.337   3.063   2.807   2.569   2.347   2.140   1.946   1.765
 0.159420   16.28965   15.01064   13.73164   12.45263   11.17363    9.89462    8.61561    7.33661    6.05760    4.77860   4.302   3.953   3.633   3.337   3.063   2.807   2.569   2.347   2.140   1.946   1.765
 0.158273   16.54562   15.24758   13.94953   12.65148   11.35343   10.05539    8.75734    7.45929    6.16125    4.86320   4.302   3.953   3.633   3.337   3.063   2.807   2.569   2.347   2.140   1.946   1.765
 0.157143   16.81013   15.49275   14.17537   12.85799   11.54061   10.22323    8.90585    7.58847    6.27109    4.95371   4.302   3.953   3.633   3.337   3.063   2.807   2.569   2.347   2.140   1.946   1.765
 0.156028   17.08345   15.74644   14.40943   13.07243   11.73542   10.39841    9.06140    7.72439    6.38738    5.05037   4.302   3.953   3.633   3.337   3.063   2.807   2.569   2.347   2.140   1.946   1.765
 0.154930   17.36591   16.00896   14.65202   13.29507   11.93813   10.58119    9.22424    7.86730    6.51035    5.15341   4.302   3.953   3.633   3.337   3.063   2.807   2.569   2.347   2.140   1.946   1.765
 0.153846   17.65779   16.28060   14.90341   13.52622   12.14903   10.77184    9.39465    8.01746    6.64027    5.26308   4.302   3.953   3.633   3.337   3.063   2.807   2.569   2.347   2.140   1.946   1.765
 0.152778   17.95944   16.56168   15.16393   13.76617   12.36841   10.97066    9.57290    8.17514    6.77739    5.37963   4.302   3.953   3.633   3.337   3.063   2.807   2.569   2.347   2.140   1.946   1.765
 0.151724   18.27117   16.85252   15.43387   14.01523   12.59658   11.17793    9.75928    8.34063    6.92198    5.50333   4.302   3.953   3.633   3.337   3.063   2.807   2.569   2.347   2.140   1.946   1.765
 0.150685   18.59334   17.15346   15.71358   14.27371   12.83383   11.39395    9.95407    8.51420    7.07432    5.63444   4.302   3.953   3.633   3.337   3.063   2.807   2.569   2.347   2.140   1.946   1.765
 0.149660   18.92629   17.46484   16.00339   14.54194   13.08049   11.61905   10.15760    8.69615    7.23470    5.77326    4.31181   3.953   3.633   3.337   3.063   2.807   2.569   2.347   2.140   1.946   1.765
 0.148649   19.27038   17.78701   16.30364   14.82027   13.33690   11.85353   10.37016    8.88679    7.40342    5.92005    4.43668   3.953   3.633   3.337   3.063   2.807   2.569   2.347   2.140   1.946   1.765
 0.147651   19.62600   18.12035   16.61469   15.10904   13.60339   12.09774   10.59209    9.08644    7.58079    6.07514    4.56948   3.953   3.633   3.337   3.063   2.807   2.569   2.347   2.140   1.946   1.765
 0.146667   19.99353   18.46523   16.93692   15.40862   13.88032   12.35202   10.82372    9.29541    7.76711    6.23881    4.71051   3.953   3.633   3.337   3.063   2.807   2.569   2.347   2.140   1.946   1.765
 0.145695   20.37337   18.82204   17.27071   15.71938   14.16805   12.61672   11.06539    9.51406    7.96273    6.41140    4.86007   3.953   3.633   3.337   3.063   2.807   2.569   2.347   2.140   1.946   1.765
 0.144737   20.76595   19.19120   17.61645   16.04171   14.46696   12.89221   11.31747    9.74272    8.16797    6.59322    5.01848   3.953   3.633   3.337   3.063   2.807   2.569   2.347   2.140   1.946   1.765
 0.143791   21.17168   19.57312   17.97456   16.37600   14.77744   13.17888   11.58031    9.98175    8.38319    6.78463    5.18607   3.953   3.633   3.337   3.063   2.807   2.569   2.347   2.140   1.946   1.765
 0.142857   21.59101   19.96823   18.34545   16.72267   15.09988   13.47710   11.85432   10.23154    8.60876    6.98598    5.36319   3.953   3.633   3.337   3.063   2.807   2.569   2.347   2.140   1.946   1.765
 0.141935   22.02441   20.37699   18.72957   17.08214   15.43472   13.78730   12.13988   10.49246    8.84504    7.19761    5.55019   3.953   3.633   3.337   3.063   2.807   2.569   2.347   2.140   1.946   1.765
 0.141026   22.47234   20.79985   19.12736   17.45487   15.78238   14.10989   12.43740   10.76491    9.09242    7.41993    5.74744    4.07495   3.633   3.337   3.063   2.807   2.569   2.347   2.140   1.946   1.765
 0.140127   22.93531   21.23731   19.53931   17.84131   16.14331   14.44531   12.74731   11.04931    9.35131    7.65331    5.95531    4.25731   3.633   3.337   3.063   2.807   2.569   2.347   2.140   1.946   1.765
 0.139241   23.41381   21.68985   19.96589   18.24192   16.51796   14.79400   13.07004   11.34608    9.62212    7.89816    6.17419    4.45023   3.633   3.337   3.063   2.807   2.569   2.347   2.140   1.946   1.765
 0.138365   23.90838   22.15799   20.40760   18.65722   16.90683   15.15644   13.40605   11.65567    9.90528    8.15489    6.40450    4.65412   3.633   3.337   3.063   2.807   2.569   2.347   2.140   1.946   1.765
 0.137500   24.41956   22.64227   20.86498   19.08769   17.31040   15.53311   13.75582   11.97853   10.20124    8.42395    6.64666    4.86937   3.633   3.337   3.063   2.807   2.569   2.347   2.140   1.946   1.765
 0.136646   24.94792   23.14324   21.33856   19.53387   17.72919   15.92451   14.11982   12.31514   10.51046    8.70578    6.90109    5.09641   3.633   3.337   3.063   2.807   2.569   2.347   2.140   1.946   1.765
 0.135802   25.49405   23.66147   21.82889   19.99632   18.16374   16.33116   14.49858   12.66600   10.83342    9.00084    7.16826    5.33568   3.633   3.337   3.063   2.807   2.569   2.347   2.140   1.946   1.765
 0.134969   26.05856   24.19757   22.33657   20.47558   18.61459   16.75360   14.89260   13.03161   11.17062    9.30962    7.44863    5.58764    3.72665   3.337   3.063   2.807   2.569   2.347   2.140   1.946   1.765
 0.134146   26.64208   24.75214   22.86220   20.97226   19.08232   17.19238   15.30245   13.41251   11.52257    9.63263    7.74269    5.85275    3.96282   3.337   3.063   2.807   2.569   2.347   2.140   1.946   1.765
 0.133333   27.24526   25.32583   23.40640   21.48697   19.56753   17.64810   15.72867   13.80924   11.88981    9.97038    8.05095    6.13152    4.21208   3.337   3.063   2.807   2.569   2.347   2.140   1.946   1.765
 0.132530   27.86879   25.91930   23.96981   22.02033   20.07084   18.12135   16.17187   14.22238   12.27289   10.32341    8.37392    6.42443    4.47495   3.337   3.063   2.807   2.569   2.347   2.140   1.946   1.765
 0.131737   28.51337   26.53325   24.55313   22.57301   20.59289   18.61276   16.63264   14.65252   12.67240   10.69228    8.71216    6.73204    4.75192   3.337   3.063   2.807   2.569   2.347   2.140   1.946   1.765
 0.130952   29.17974   27.16839   25.15704   23.14569   21.13433   19.12298   17.11163   15.10028   13.08893   11.07758    9.06623    7.05487    5.04352   3.337   3.063   2.807   2.569   2.347   2.140   1.946   1.765
 0.130178   29.86866   27.82547   25.78227   23.73908   21.69588   19.65269   17.60949   15.56630   13.52310   11.47991    9.43671    7.39352    5.35032   3.337   3.063   2.807   2.569   2.347   2.140   1.946   1.765
 0.129412   30.58093   28.50526   26.42959   24.35392   22.27825   20.20258   18.12691   16.05124   13.97557   11.89990    9.82423    7.74856    5.67288    3.59721   3.063   2.807   2.569   2.347   2.140   1.946   1.765
 0.128655   31.31738   29.20858   27.09978   24.99098   22.88219   20.77339   18.66459   16.55580   14.44700   12.33820   10.22941    8.12061    6.01181    3.90302   3.063   2.807   2.569   2.347   2.140   1.946   1.765
 0.127907   32.07885   29.93626   27.79366   25.65107   23.50847   21.36588   19.22329   17.08069   14.93810   12.79551   10.65291    8.51032    6.36773    4.22513   3.063   2.807   2.569   2.347   2.140   1.946   1.765
 0.127168   32.86625   30.68917   28.51209   26.33500   24.15792   21.98084   19.80376   17.62668   15.44960   13.27252   11.09544    8.91836    6.74128    4.56419   3.063   2.807   2.569   2.347   2.140   1.946   1.765
 0.126437   33.68050   31.46822   29.25594   27.04366   24.83138   22.61910   20.40682   18.19454   15.98226   13.76998   11.55769    9.34541    7.13313    4.92085   3.063   2.807   2.569   2.347   2.140   1.946   1.765
 0.125714   34.52259   32.27437   30.02616   27.77794   25.52973   23.28151   21.03329   18.78508   16.53686   14.28865   12.04043    9.79222    7.54400    5.29578   3.063   2.807   2.569   2.347   2.140   1.946   1.765
 0.125000   35.39351   33.10860   30.82369   28.53879   26.25388   23.96897   21.68406   19.39915   17.11424   14.82934   12.54443   10.25952    7.97461    5.68970    3.40479   2.807   2.569   2.347   2.140   1.946   1.765
 0.124294   36.29433   33.97194   31.64956   29.32718   27.00479   24.68241   22.36003   20.03764   17.71526   15.39288   13.07049   10.74811    8.42573    6.10335    3.78096   2.807   2.569   2.347   2.140   1.946   1.765
 0.123596   37.22613   34.86547   32.50480   30.14414   27.78347   25.42281   23.06214   20.70148   18.34081   15.98014   13.61948   11.25881    8.89815    6.53748    4.17682   2.807   2.569   2.347   2.140   1.946   1.765
 0.122905   38.19008   35.79030   33.39052   30.99074   28.59095   26.19117   23.79139   21.39161   18.99183   16.59205   14.19227   11.79248    9.39270    6.99292    4.59314   2.807   2.569   2.347   2.140   1.946   1.765
 0.122222   39.18737   36.74761   34.30785   31.86809   29.42833   26.98857   24.54881   22.10905   19.66930   17.22954   14.78978   12.35002    9.91026    7.47050    5.03074   2.807   2.569   2.347   2.140   1.946   1.765
 0.121547   40.21924   37.73862   35.25799   32.77736   30.29674   27.81611   25.33548   22.85486   20.37423   17.89360   15.41298   12.93235   10.45172    7.97110    5.49047    3.00984   2.569   2.347   2.140   1.946   1.765
 0.120879   41.28702   38.76460   36.24219   33.71977   31.19736   28.67494   26.15253   23.63011   21.10770   18.58529   16.06287   13.54046   11.01804    8.49563    5.97321    3.45080   2.569   2.347   2.140   1.946   1.765
 0.120219   42.39206   39.82690   37.26175   34.69659   32.13144   29.56629   27.00113   24.43598   21.87082   19.30567   16.74051   14.17536   11.61021    9.04505    6.47990    3.91474   2.569   2.347   2.140   1.946   1.765
 0.119565   43.53579   40.92691   38.31803   35.70916   33.10028   30.49140   27.88252   25.27364   22.66476   20.05589   17.44701   14.83813   12.22925    9.62037    7.01150    4.40262   2.569   2.347   2.140   1.946   1.765
 0.118919   44.71972   42.06610   39.41248   36.75885   34.10523   31.45161   28.79799   26.14437   23.49075   20.83713   18.18350   15.52988   12.87626   10.22264    7.56902    4.91540   2.569   2.347   2.140   1.946   1.765
 0.118280   45.94541   43.24599   40.54657   37.84715   35.14773   32.44831   29.74889   27.04947   24.35005   21.65063   18.95121   16.25179   13.55237   10.85295    8.15353    5.45411    2.75470   2.347   2.140   1.946   1.765
 0.117647   47.21450   44.46819   41.72188   38.97557   36.22926   33.48295   30.73663   27.99032   25.24401   22.49770   19.75139   17.00508   14.25877   11.51246    8.76615    6.01984    3.27353   2.347   2.140   1.946   1.765
 0.117021   48.52871   45.73438   42.94005   40.14571   37.35138   34.55704   31.76271   28.96838   26.17404   23.37971   20.58538   17.79104   14.99671   12.20238    9.40804    6.61371    3.81938   2.347   2.140   1.946   1.765
 0.116402   49.88986   47.04633   44.20280   41.35927   38.51574   35.67221   32.82868   29.98514   27.14161   24.29808   21.45455   18.61102   15.76749   12.92396   10.08043    7.23690    4.39337   2.347   2.140   1.946   1.765
 0.115789   51.29983   48.40589   45.51194   42.61800   39.72405   36.83011   33.93616   31.04222   28.14827   25.25433   22.36038   19.46644   16.57249   13.67855   10.78460    7.89066    4.99671   2.347   2.140   1.946   1.765
 0.115183   52.76062   49.81500   46.86938   43.92375   40.97813   38.03251   35.08688   32.14126   29.19564   26.25002   23.30439   20.35877   17.41315   14.46753   11.52190    8.57628    5.63066    2.68503   2.140   1.946   1.765
 0.114583   54.27432   51.27571   48.27710   45.27848   42.27987   39.28126   36.28265   33.28404   30.28543   27.28681   24.28820   21.28959   18.29098   15.29237   12.29376    9.29514    6.29653    3.29792   2.140   1.946   1.765
 0.113990   55.84312   52.79016   49.73720   46.68424   43.63127   40.57831   37.52535   34.47239   31.41942   28.36646   25.31350   22.26054   19.20757   16.15461   13.10165   10.04869    6.99572    3.94276   2.140   1.946   1.765
 0.113402   57.46935   54.36062   51.25189   48.14316   45.03444   41.92571   38.81698   35.70825   32.59952   29.49079   26.38207   23.27334   20.16461   17.05588   13.94715   10.83842    7.72970    4.62097   2.140   1.946   1.765
 0.112821   59.15543   55.98946   52.82350   49.65753   46.49157   43.32560   40.15964   36.99367   33.82771   30.66174   27.49578   24.32981   21.16385   17.99788   14.83192   11.66595    8.49999    5.33402    2.16806   1.946   1.765
 0.112245   60.90393   57.67920   54.45447   51.22974   48.00500   44.78027   41.55554   38.33081   35.10608   31.88135   28.65661   25.43188   22.20715   18.98242   15.75769   12.53296    9.30822    6.08349    2.85876   1.946   1.765
 0.111675   62.71756   59.43247   56.14738   52.86229   49.57720   46.29211   43.00702   39.72193   36.43684   33.15174   29.86665   26.58156   23.29647   20.01138   16.72629   13.44120   10.15611    6.87102    3.58593   1.946   1.765
 0.111111   64.59917   61.25206   57.90495   54.55785   51.21074   47.86363   44.51653   41.16942   37.82231   34.47520   31.12810   27.78099   24.43388   21.08677   17.73967   14.39256   11.04545    7.69834    4.35124   1.946   1.765
 0.110553   66.55177   63.14092   59.73007   56.31922   52.90837   49.49751   46.08666   42.67581   39.26496   35.85411   32.44326   29.03241   25.62156   22.21071   18.79986   15.38900   11.97815    8.56730    5.15645   1.946   1.765
 0.110000   68.57854   65.10215   61.62575   58.14936   54.67296   51.19657   47.72017   44.24378   40.76739   37.29099   33.81460   30.33820   26.86181   23.38541   19.90902   16.43262   12.95623    9.47983    6.00344    2.52704   1.765
 0.109453   70.68286   67.13904   63.59522   60.05141   56.50759   52.96378   49.41996   45.87614   42.33233   38.78851   35.24470   31.70088   28.15706   24.61325   21.06943   17.52562   13.98180   10.43798    6.89417    3.35035   1.765
 0.108911   72.86827   69.25507   65.64187   62.02868   58.41548   54.80228   51.18909   47.57589   43.96269   40.34950   36.73630   33.12310   29.50991   25.89671   22.28351   18.67032   15.05712   11.44392    7.83073    4.21753   1.765
 0.108374   75.13855   71.45392   67.76930   64.08468   60.40005   56.71543   53.03081   49.34618   45.66156   41.97694   38.29231   34.60769   30.92307   27.23845   23.55382   19.86920   16.18458   12.49995    8.81533    5.13071   1.765
 0.107843   77.49769   73.73950   69.98132   66.22313   62.46494   58.70675   54.94857   51.19038   47.43219   43.67400   39.91582   36.15763   32.39944   28.64125   24.88306   21.12488   17.36669   13.60850    9.85031    6.09213    2.33394
 0.107317   79.94994   76.11595   72.28196   68.44798   64.61399   60.78000   56.94602   53.11203   49.27804   45.44405   41.61007   37.77608   33.94209   30.10810   26.27412   22.44013   18.60614   14.77215   10.93817    7.10418    3.27019
 0.106796   82.49979   78.58767   74.67554   70.76341   66.85129   62.93916   59.02704   55.11491   51.20278   47.29066   43.37853   39.46641   35.55428   31.64215   27.73003   23.81790   19.90578   15.99365   12.08152    8.16940    4.25727
 0.106280   85.15203   81.15932   77.16660   73.17389   69.18118   65.18846   61.19575   57.20304   53.21032   49.21761   45.22490   41.23218   37.23947   33.24676   29.25404   25.26133   21.26862   17.27591   13.28319    9.29048    5.29777
 0.105769   87.91174   83.83587   79.76001   75.68414   71.60827   67.53241   63.45654   59.38068   55.30481   51.22894   47.15308   43.07721   39.00135   34.92548   30.84961   26.77375   22.69788   18.62202   14.54615   10.47029    6.39442
 0.105263   90.78434   86.62263   82.46092   78.29921   74.13750   69.97579   65.81408   61.65237   57.49067   53.32896   49.16725   45.00554   40.84383   36.68212   32.52041   28.35870   24.19699   20.03529   15.87358   11.71187    7.55016
 0.104762   93.77559   89.52522   85.27485   81.02447   76.77410   72.52372   68.27335   64.02297   59.77260   55.52222   51.27185   47.02147   42.77110   38.52072   34.27035   30.01998   25.76960   21.51923   17.26885   13.01848    8.76810
 0.104265   96.89167   92.54967   88.20766   83.86566   79.52365   75.18165   70.83964   66.49764   62.15563   57.81363   53.47162   49.12962   44.78761   40.44561   36.10360   31.76160   27.41960   23.07759   18.73559   14.39358   10.05158
 0.103774  100.13914   95.70239   91.26564   86.82889   82.39214   77.95539   73.51864   69.08189   64.64514   60.20839   55.77164   51.33489   46.89814   42.46139   38.02464   33.58789   29.15114   24.71439   20.27763   15.84088   11.40413
 0.103286  103.52504   98.99027   94.45550   89.92072   85.38595   80.85118   76.31640   71.78163   67.24686   62.71208   58.17731   53.64254   49.10776   44.57299   40.03822   35.50344   30.96867   26.43389   21.89912   17.36435   12.82957
 0.102804  107.05690  102.42065   97.78440   93.14816   88.51191   83.87566   79.23942   74.60317   69.96692   65.33068   60.69443   56.05818   51.42194   46.78569   42.14944   37.51320   32.87695   28.24070   23.60446   18.96821   14.33196
 0.102326  110.74277  106.00142  101.26006   96.51870   91.77735   87.03599   82.29464   77.55328   72.81193   68.07057   63.32922   58.58786   53.84650   49.10515   44.36379   39.62244   34.88108   30.13973   25.39837   20.65701   15.91566
 0.101852  114.59132  109.74102  104.89072  100.04042   95.19012   90.33982   85.48953   80.63923   75.78893   70.93863   66.08833   61.23803   56.38773   51.53743   46.68713   41.83683   36.98653   32.13623   27.28594   22.43564   17.58534
 0.101382  118.61184  113.64855  108.68526  103.72197   98.75868   93.79539   88.83210   83.86880   78.90551   73.94222   68.97893   64.01564   59.05235   54.08906   49.12577   44.16247   39.19918   34.23589   29.27260   24.30931   19.34602
 0.100917  122.81434  117.73378  112.65322  107.57265  102.49209   97.41153   92.33097   87.25041   82.16985   77.08929   72.00872   66.92816   61.84760   56.76704   51.68648   46.60592   41.52536   36.44479   31.36423   26.28367   21.20311
 0.100457  127.20958  122.00723  116.80487  111.60251  106.40015  101.19779   95.99544   90.79308   85.59072   80.38836   75.18601   69.98365   64.78129   59.57893   54.37658   49.17422   43.97186   38.76950   33.56715   28.36479   23.16243
 0.100000  131.80920  126.48025  121.15131  115.82236  110.49341  105.16446   99.83552   94.50657   89.17762   83.84868   78.51973   73.19078   67.86183   62.53289   57.20394   51.87499   46.54605   41.21710   35.88815   30.55920   25.23026
