 1.000000    2.15641    2.31967    2.48293    2.64620    2.80946    2.97272    3.13598    3.29925    3.46251    3.62577
 0.956522    2.22022    2.39160    2.56297    2.73434    2.90571    3.07708    3.24846    3.41983    3.59120    3.76257
 0.916667    2.28117    2.46072    2.64027    2.81982    2.99937    3.17891    3.35846    3.53801    3.71756    3.89711
 0.880000    2.33928    2.52707    2.71486    2.90265    3.09044    3.27823    3.46602    3.65381    3.84160    4.02939
 0.846154    2.39456    2.59065    2.78675    2.98285    3.17895    3.37505    3.57115    3.76725    3.96335    4.15945
 0.814815    2.44702    2.65149    2.85597    3.06045    3.26492    3.46940    3.67388    3.87835    4.08283    4.28731
 0.785714    2.49668    2.70960    2.92252    3.13545    3.34837    3.56129    3.77422    3.98714    4.20006    4.41299
 0.758621    2.54356    2.76500    2.98644    3.20788    3.42932    3.65076    3.87220    4.09364    4.31507    4.53651
 0.733333    2.58767    2.81770    3.04773    3.27775    3.50778    3.73781    3.96783    4.19786    4.42789    4.65791
 0.709677    2.62904    2.86773    3.10641    3.34510    3.58378    3.82247    4.06115    4.29984    4.53852    4.77721
 0.687500    2.66768    2.91510    3.16251    3.40993    3.65735    3.90476    4.15218    4.39960    4.64701    4.89443
 0.666667    2.70361    2.95983    3.21605    3.47227    3.72849    3.98471    4.24093    4.49715    4.75337    5.00960
 0.647059    2.73684    3.00194    3.26704    3.53214    3.79724    4.06234    4.32744    4.59254    4.85764    5.12274
 0.628571    2.76739    3.04144    3.31550    3.58955    3.86361    4.13766    4.41172    4.68577    4.95982    5.23388
 0.611111    2.79529    3.07837    3.36146    3.64454    3.92763    4.21071    4.49380    4.77688    5.05997    5.34305
 0.594595    2.82054    3.11274    3.40493    3.69712    3.98931    4.28151    4.57370    4.86589    5.15809    5.45028
 0.578947    2.84318    3.14456    3.44594    3.74732    4.04870    4.35008    4.65145    4.95283    5.25421    5.55559
 0.564103    2.86322    3.17386    3.48451    3.79515    4.10580    4.41644    4.72708    5.03773    5.34837    5.65902
 0.550000    2.88068    3.20067    3.52066    3.84065    4.16064    4.48063    4.80061    5.12060    5.44059    5.76058
 0.536585    2.89558    3.22499    3.55441    3.88382    4.21324    4.54266    4.87207    5.20149    5.53091    5.86032
 0.523810    2.90793    3.24686    3.58579    3.92471    4.26364    4.60256    4.94149    5.28041    5.61934    5.95827
 0.511628    2.91777    3.26629    3.61481    3.96333    4.31185    4.66037    5.00888    5.35740    5.70592    6.05444
 0.500000    2.92512    3.28331    3.64151    3.99971    4.35790    4.71610    5.07429    5.43249    5.79068    6.14888
 0.488889    2.92999    3.29794    3.66590    4.03386    4.40182    4.76978    5.13774    5.50570    5.87366    6.24162
 0.478261    2.93240    3.31021    3.68802    4.06583    4.44364    4.82144    5.19925    5.57706    5.95487    6.33268
 0.468085    2.93239    3.32013    3.70788    4.09563    4.48337    4.87112    5.25887    5.64661    6.03436    6.42211
 0.458333    2.92996    3.32774    3.72551    4.12328    4.52106    4.91883    5.31661    5.71438    6.11215    6.50993
 0.448980    2.92515    3.33305    3.74094    4.14883    4.55672    4.96461    5.37250    5.78039    6.18829    6.59618
 0.440000    2.91799    3.33609    3.75419    4.17229    4.59039    5.00849    5.42659    5.84469    6.26279    6.68089
 0.431373    2.90848    3.33688    3.76529    4.19369    4.62209    5.05049    5.47890    5.90730    6.33570    6.76410
 0.423077    2.89667    3.33546    3.77426    4.21306    4.65186    5.09066    5.52946    5.96826    6.40706    6.84585
 0.415094    2.88256    3.33185    3.78114    4.23043    4.67972    5.12901    5.57831    6.02760    6.47689    6.92618
 0.407407    2.86620    3.32608    3.78596    4.24583    4.70571    5.16559    5.62547    6.08535    6.54523    7.00511
 0.400000    2.84760    3.31816    3.78873    4.25930    4.72986    5.20043    5.67099    6.14156    6.61212    7.08269
 0.392857    2.82679    3.30814    3.78949    4.27085    4.75220    5.23355    5.71490    6.19625    6.67760    7.15895
 0.385965    2.80380    3.29604    3.78828    4.28052    4.77275    5.26499    5.75723    6.24947    6.74171    7.23395
 0.379310    2.77866    3.28188    3.78511    4.28834    4.79157    5.29480    5.79802    6.30125    6.80448    7.30771
 0.372881    2.75139    3.26571    3.78003    4.29435    4.80867    5.32299    5.83731    6.35163    6.86595    7.38027
 0.366667    2.72202    3.24754    3.77306    4.29858    4.82409    5.34961    5.87513    6.40065    6.92617    7.45169
 0.360656    2.69058    3.22741    3.76423    4.30105    4.83788    5.37470    5.91153    6.44835    6.98517    7.52200
 0.354839    2.65711    3.20534    3.75358    4.30182    4.85006    5.39829    5.94653    6.49477    7.04300    7.59124
 0.349206    2.62162    3.18138    3.74114    4.30090    4.86066    5.42042    5.98018    6.53994    7.09971    7.65947
 0.343750    2.58416    3.15555    3.72695    4.29834    4.86974    5.44113    6.01253    6.58392    7.15532    7.72671
 0.338462    2.54475    3.12789    3.71104    4.29418    4.87732    5.46046    6.04361    6.62675    7.20989    7.79303
 0.333333    2.50343    3.09843    3.69344    4.28844    4.88345    5.47845    6.07346    6.66846    7.26347    7.85847
 0.328358    2.46022    3.06721    3.67419    4.28117    4.88816    5.49514    6.10212    6.70911    7.31609    7.92308
 0.323529    2.41517    3.03425    3.65333    4.27241    4.89149    5.51057    6.12965    6.74873    7.36781    7.98689
 0.318841    2.36830    2.99960    3.63090    4.26219    4.89349    5.52479    6.15608    6.78738    7.41868    8.04998
 0.314286    2.31965    2.96329    3.60692    4.25056    4.89420    5.53783    6.18147    6.82510    7.46874    8.11237
 0.309859    2.26926    2.92536    3.58146    4.23755    4.89365    5.54975    6.20585    6.86194    7.51804    8.17414
 0.305556    2.21716    2.88584    3.55453    4.22321    4.89190    5.56058    6.22927    6.89795    7.56664    8.23532
 0.301370    2.16339    2.84479    3.52618    4.20758    4.88898    5.57038    6.25178    6.93318    7.61458    8.29598
 0.297297    2.10798    2.80222    3.49646    4.19071    4.88495    5.57919    6.27344    6.96768    7.66192    8.35616
 0.293333    2.05097    2.75819    3.46541    4.17263    4.87985    5.58706    6.29428    7.00150    7.70872    8.41593
 0.289474    1.99241    2.71274    3.43307    4.15339    4.87372    5.59404    6.31437    7.03469    7.75502    8.47535
 0.285714    1.93234    2.66590    3.39947    4.13304    4.86661    5.60018    6.33375    7.06732    7.80089    8.53446
 0.282051    1.87078    2.61773    3.36468    4.11163    4.85858    5.60553    6.35248    7.09943    7.84638    8.59333
 0.278481    1.80779    2.56826    3.32873    4.08920    4.84967    5.61014    6.37061    7.13108    7.89155    8.65202
 0.275000    1.74341    2.51754    3.29167    4.06580    4.83994    5.61407    6.38820    7.16233    7.93646    8.71060
 0.271605    1.67768    2.46562    3.25355    4.04149    4.82943    5.61737    6.40530    7.19324    7.98118    8.76912
 0.268293    1.61064    2.41253    3.21442    4.01631    4.81820    5.62009    6.42198    7.22387    8.02576    8.82765
 0.265060    1.54234    2.35834    3.17433    3.99032    4.80631    5.62230    6.43829    7.25428    8.07027    8.88626
 0.261905    1.47283    2.30308    3.13332    3.96356    4.79380    5.62405    6.45429    7.28453    8.11477    8.94501
 0.258824    1.40216    2.24680    3.09145    3.93610    4.78075    5.62539    6.47004    7.31469    8.15933    9.00398
 0.255814    1.33036    2.18957    3.04878    3.90799    4.76719    5.62640    6.48561    7.34482    8.20403    9.06323
 0.252874    1.25750    2.13142    3.00535    3.87928    4.75321    5.62713    6.50106    7.37499    8.24892    9.12284
 0.250000    1.18361    2.07242    2.96123    3.85004    4.73884    5.62765    6.51646    7.40527    8.29407    9.18288
 0.247191    1.10876    2.01261    2.91647    3.82032    4.72417    5.62802    6.53187    7.43572    8.33957    9.24343
 0.244444    1.03300    1.95206    2.87112    3.79018    4.70924    5.62831    6.54737    7.46643    8.38549    9.30455
 0.241758    0.95637    1.89081    2.82525    3.75969    4.69413    5.62857    6.56302    7.49746    8.43190    9.36634
 0.239130    0.87893    1.82893    2.77892    3.72891    4.67890    5.62890    6.57889    7.52888    8.47888    9.42887
 0.236559    0.80075    1.76647    2.73219    3.69791    4.66362    5.62934    6.59506    7.56078    8.52650    9.49222
 0.234043    0.72187    1.70349    2.68512    3.66674    4.64836    5.62999    6.61161    7.59324    8.57486    9.55648
 0.231579    0.64235    1.64006    2.63777    3.63548    4.63319    5.63090    6.62861    7.62632    8.62403    9.62174
 0.229167    0.56227    1.57624    2.59022    3.60420    4.61818    5.63216    6.64614    7.66012    8.67410    9.68807
 0.226804    0.48167    1.51210    2.54254    3.57297    4.60341    5.63384    6.66428    7.69471    8.72515    9.75558
 0.224490    0.40061    1.44770    2.49478    3.54186    4.58894    5.63602    6.68311    7.73019    8.77727    9.82435
 0.222222    0.31918    1.38310    2.44702    3.51095    4.57487    5.63879    6.70271    7.76664    8.83056    9.89448
 0.220000    0.23742    1.31838    2.39934    3.48030    4.56126    5.64222    6.72318    7.80415    8.88511    9.96607
 0.217822    0.15541    1.25361    2.35181    3.45001    4.54821    5.64641    6.74461    7.84281    8.94100   10.03920
 0.215686    0.07321    1.18886    2.30450    3.42014    4.53578    5.65143    6.76707    7.88271    8.99835   10.11399
 0.213592   -0.00909    1.12420    2.25749    3.39079    4.52408    5.65737    6.79066    7.92396    9.05725   10.19054
 0.211538   -0.09144    1.05971    2.21087    3.36202    4.51318    5.66433    6.81549    7.96664    9.11780   10.26896
 0.209524   -0.17376    0.99548    2.16471    3.33394    4.50317    5.67241    6.84164    8.01087    9.18011   10.34934
 0.207547   -0.25596    0.93157    2.11910    3.30663    4.49416    5.68169    6.86922    8.05675    9.24428   10.43181
 0.205607   -0.33798    0.86807    2.07412    3.28017    4.48622    5.69227    6.89832    8.10437    9.31042   10.51647
 0.203704   -0.41974    0.80506    2.02986    3.25466    4.47946    5.70425    6.92905    8.15385    9.37865   10.60345
 0.201835   -0.50115    0.74263    1.98641    3.23019    4.47397    5.71775    6.96152    8.20530    9.44908   10.69286
 0.200000   -0.58212    0.68087    1.94387    3.20686    4.46985    5.73285    6.99584    8.25884    9.52183   10.78482
 0.198198   -0.66258    0.61987    1.90232    3.18477    4.46722    5.74967    7.03212    8.31457    9.59702   10.87947
 0.196429   -0.74243    0.55972    1.86187    3.16402    4.46617    5.76832    7.07047    8.37262    9.67477   10.97693
 0.194690   -0.82159    0.50051    1.82261    3.14471    4.46681    5.78892    7.11102    8.43312    9.75522   11.07732
 0.192982   -0.89997    0.44234    1.78465    3.12696    4.46926    5.81157    7.15388    8.49618    9.83849   11.18080
 0.191304   -0.97746    0.38531    1.74809    3.11086    4.47363    5.83640    7.19917    8.56195    9.92472   11.28749
 0.189655   -1.05397    0.32953    1.71303    3.09653    4.48003    5.86353    7.24704    8.63054   10.01404   11.39754
 0.188034   -1.12940    0.27510    1.67960    3.08409    4.48859    5.89309    7.29759    8.70209   10.10659   11.51109
 0.186441   -1.20366    0.22212    1.64789    3.07366    4.49943    5.92521    7.35098    8.77675   10.20253   11.62830
 0.184874   -1.27662    0.17070    1.61803    3.06536    4.51268    5.96001    7.40733    8.85466   10.30199   11.74931
 0.183333   -1.34820    0.12097    1.59013    3.05930    4.52847    5.99763    7.46680    8.93596   10.40513   11.87429
 0.181818   -1.41827    0.07303    1.56433    3.05562    4.54692    6.03822    7.52951    9.02081   10.51211   12.00340
 0.180328   -1.48672    0.02701    1.54073    3.05446    4.56818    6.08191    7.59563    9.10936   10.62308   12.13681
 0.178862   -1.55343   -0.01698    1.51948    3.05594    4.59239    6.12885    7.66531    9.20176   10.73822   12.27468
 0.177419   -1.61830   -0.05880    1.50070    3.06020    4.61970    6.17919    7.73869    9.29819   10.85769   12.41719
 0.176000   -1.68118   -0.09833    1.48453    3.06738    4.65024    6.23310    7.81595    9.39881   10.98166   12.56452
 0.174603   -1.74196   -0.13543    1.47111    3.07764    4.68418    6.29072    7.89725    9.50379   11.11032   12.71686
 0.173228   -1.80051   -0.16996    1.46058    3.09113    4.72167    6.35222    7.98276    9.61331   11.24385   12.87440
 0.171875   -1.85669   -0.20180    1.45309    3.10798    4.76287    6.41776    8.07266    9.72755   11.38244   13.03733
 0.170543   -1.91036   -0.23078    1.44880    3.12838    4.80796    6.48754    8.16712    9.84670   11.52627   13.20585
 0.169231   -1.96139   -0.25677    1.44785    3.15247    4.85709    6.56171    8.26633    9.97095   11.67556   13.38018
 0.167939   -2.00962   -0.27960    1.45041    3.18043    4.91045    6.64046    8.37048   10.10050   11.83051   13.56053
 0.166667   -2.05491   -0.29913    1.45665    3.21243    4.96821    6.72399    8.47977   10.23555   11.99133   13.74711
 0.165414   -2.09711   -0.31519    1.46673    3.24864    5.03056    6.81248    8.59440   10.37631   12.15823   13.94015
 0.164179   -2.13605   -0.32761    1.48082    3.28926    5.09770    6.90614    8.71457   10.52301   12.33145   14.13988
 0.162963   -2.17158   -0.33623    1.49912    3.33447    5.16981    7.00516    8.84051   10.67586   12.51120   14.34655
 0.161765   -2.20351   -0.34086    1.52180    3.38446    5.24711    7.10977    8.97243   10.83508   12.69774   14.56040
 0.160584   -2.23169   -0.34132    1.54905    3.43943    5.32980    7.22018    9.11055   11.00092   12.89130   14.78167
 0.159420   -2.25594   -0.33743    1.58108    3.49959    5.41810    7.33661    9.25512   11.17363   13.09213   15.01064
 0.158273   -2.27606   -0.32899    1.61808    3.56515    5.51222    7.45929    9.40636   11.35343   13.30050   15.24758
 0.157143   -2.29187   -0.31580    1.66027    3.63633    5.61240    7.58847    9.56454   11.54061   13.51668   15.49275
 0.156028   -2.30318   -0.29767    1.70785    3.71336    5.71888    7.72439    9.72990   11.73542   13.74093   15.74644
 0.154930   -2.30978   -0.27437    1.76105    3.79647    5.83188    7.86730    9.90271   11.93813   13.97355   16.00896
 0.153846   -2.31147   -0.24568    1.82010    3.88589    5.95167    8.01746   10.08325   12.14903   14.21482   16.28060
 0.152778   -2.30803   -0.21140    1.88524    3.98187    6.07851    8.17514   10.27178   12.36841   14.46505   16.56168
 0.151724   -2.29924   -0.17127    1.95670    4.08468    6.21265    8.34063   10.46860   12.59658   14.72455   16.85252
 0.150685   -2.28488   -0.12507    2.03475    4.19457    6.35438    8.51420   10.67401   12.83383   14.99365   17.15346
 0.149660   -2.26471   -0.07254    2.11964    4.31181    6.50398    8.69615   10.88832   13.08049   15.27267   17.46484
 0.148649   -2.23848   -0.01343    2.21163    4.43668    6.66174    8.88679   11.11185   13.33690   15.56196   17.78701
 0.147651   -2.20595    0.05253    2.31101    4.56948    6.82796    9.08644   11.34492   13.60339   15.86187   18.12035
 0.146667   -2.16685    0.12560    2.41806    4.71051    7.00296    9.29541   11.58787   13.88032   16.17277   18.46523
 0.145695   -2.12092    0.20608    2.53307    4.86007    7.18706    9.51406   11.84105   14.16805   16.49505   18.82204
 0.144737   -2.06788    0.29424    2.65636    5.01848    7.38060    9.74272   12.10484   14.46696   16.82908   19.19120
 0.143791   -2.00745    0.39039    2.78823    5.18607    7.58391    9.98175   12.37959   14.77744   17.17528   19.57312
 0.142857   -1.93933    0.49485    2.92902    5.36319    7.79737   10.23154   12.66571   15.09988   17.53406   19.96823
 0.141935   -1.86320    0.60793    3.07906    5.55019    8.02133   10.49246   12.96359   15.43472   17.90585   20.37699
 0.141026   -1.77877    0.72997    3.23870    5.74744    8.25617   10.76491   13.27365   15.78238   18.29112   20.79985
 0.140127   -1.68569    0.86131    3.40831    5.95531    8.50231   11.04931   13.59631   16.14331   18.69031   21.23731
 0.139241   -1.58363    1.00231    3.58825    6.17419    8.76014   11.34608   13.93202   16.51796   19.10390   21.68985
 0.138365   -1.47224    1.15334    3.77892    6.40450    9.03009   11.65567   14.28125   16.90683   19.53241   22.15799
 0.137500   -1.35115    1.31479    3.98072    6.64666    9.31259   11.97853   14.64446   17.31040   19.97633   22.64227
 0.136646   -1.21998    1.48704    4.19407    6.90109    9.60812   12.31514   15.02217   17.72919   20.43622   23.14324
 0.135802   -1.07834    1.67052    4.41939    7.16826    9.91713   12.66600   15.41487   18.16374   20.91260   23.66147
 0.134969   -0.92584    1.86565    4.65714    7.44863   10.24012   13.03161   15.82310   18.61459   21.40608   24.19757
 0.134146   -0.76203    2.07288    4.90778    7.74269   10.57760   13.41251   16.24742   19.08232   21.91723   24.75214
 0.133333   -0.58649    2.29265    5.17180    8.05095   10.93009   13.80924   16.68839   19.56753   22.44668   25.32583
 0.132530   -0.39877    2.52546    5.44969    8.37392   11.29815   14.22238   17.14661   20.07084   22.99507   25.91930
 0.131737   -0.19839    2.77179    5.74198    8.71216   11.68234   14.65252   17.62270   20.59289   23.56307   26.53325
 0.130952    0.01514    3.03217    6.04920    9.06623   12.08325   15.10028   18.11731   21.13433   24.15136   27.16839
 0.130178    0.24233    3.30713    6.37192    9.43671   12.50150   15.56630   18.63109   21.69588   24.76068   27.82547
 0.129412    0.48371    3.59721    6.71072    9.82423   12.93773   16.05124   19.16474   22.27825   25.39176   28.50526
 0.128655    0.73982    3.90302    7.06621   10.22941   13.39260   16.55580   19.71899   22.88219   26.04538   29.20858
 0.127907    1.01124    4.22513    7.43902   10.65291   13.86680   17.08069   20.29458   23.50847   26.72237   29.93626
 0.127168    1.29857    4.56419    7.82982   11.09544   14.36106   17.62668   20.89230   24.15792   27.42355   30.68917
 0.126437    1.60243    4.92085    8.23927   11.55769   14.87612   18.19454   21.51296   24.83138   28.14980   31.46822
 0.125714    1.92346    5.29578    8.66811   12.04043   15.41275   18.78508   22.15740   25.52973   28.90205   32.27437
 0.125000    2.26234    5.68970    9.11706   12.54443   15.97179   19.39915   22.82651   26.25388   29.68124   33.10860
 0.124294    2.61977    6.10335    9.58692   13.07049   16.55407   20.03764   23.52122   27.00479   30.48837   33.97194
 0.123596    2.99649    6.53748   10.07848   13.61948   17.16048   20.70148   24.24247   27.78347   31.32447   34.86547
 0.122905    3.39325    6.99292   10.59259   14.19227   17.79194   21.39161   24.99128   28.59095   32.19063   35.79030
 0.122222    3.81086    7.47050   11.13014   14.78978   18.44942   22.10905   25.76869   29.42833   33.08797   36.74761
 0.121547    4.25016    7.97110   11.69204   15.41298   19.13392   22.85486   26.57580   30.29674   34.01768   37.73862
 0.120879    4.71201    8.49563   12.27925   16.06287   19.84649   23.63011   27.41374   31.19736   34.98098   38.76460
 0.120219    5.19732    9.04505   12.89278   16.74051   20.58825   24.43598   28.28371   32.13144   35.97917   39.82690
 0.119565    5.70706    9.62037   13.53369   17.44701   21.36033   25.27364   29.18696   33.10028   37.01359   40.92691
 0.118919    6.24221   10.22264   14.20307   18.18350   22.16394   26.14437   30.12480   34.10523   38.08566   42.06610
 0.118280    6.80382   10.85295   14.90208   18.95121   23.00034   27.04947   31.09860   35.14773   39.19686   43.24599
 0.117647    7.39300   11.51246   15.63193   19.75139   23.87086   27.99032   32.10979   36.22926   40.34872   44.46819
 0.117021    8.01088   12.20238   16.39388   20.58538   24.77688   28.96838   33.15988   37.35138   41.54288   45.73438
 0.116402    8.65867   12.92396   17.18926   21.45455   25.71985   29.98514   34.25044   38.51574   42.78103   47.04633
 0.115789    9.33763   13.67855   18.01946   22.36038   26.70130   31.04222   35.38313   39.72405   44.06497   48.40589
 0.115183   10.04909   14.46753   18.88596   23.30439   27.72283   32.14126   36.55970   40.97813   45.39656   49.81500
 0.114583   10.79445   15.29237   19.79028   24.28820   28.78612   33.28404   37.78195   42.27987   46.77779   51.27571
 0.113990   11.57517   16.15461   20.73405   25.31350   29.89294   34.47239   39.05183   43.63127   48.21072   52.79016
 0.113402   12.39279   17.05588   21.71897   26.38207   31.04516   35.70825   40.37134   45.03444   49.69753   54.36062
 0.112821   13.24894   17.99788   22.74683   27.49578   32.24473   36.99367   41.74262   46.49157   51.24052   55.98946
 0.112245   14.14532   18.98242   23.81952   28.65661   33.49371   38.33081   43.16791   48.00500   52.84210   57.67920
 0.111675   15.08375   20.01138   24.93902   29.86665   34.79429   39.72193   44.64956   49.57720   54.50483   59.43247
 0.111111   16.06611   21.08677   26.10743   31.12810   36.14876   41.16942   46.19008   51.21074   56.23140   61.25206
 0.110553   17.09443   22.21071   27.32698   32.44326   37.55954   42.67581   47.79209   52.90837   58.02464   63.14092
 0.110000   18.17082   23.38541   28.60000   33.81460   39.02919   44.24378   49.45837   54.67296   59.88756   65.10215
 0.109453   19.29752   24.61325   29.92897   35.24470   40.56042   45.87614   51.19187   56.50759   61.82332   67.13904
 0.108911   20.47692   25.89671   31.31651   36.73630   42.15610   47.57589   52.99569   58.41548   63.83528   69.25507
 0.108374   21.71151   27.23845   32.76538   38.29231   43.81925   49.34618   54.87312   60.40005   65.92699   71.45392
 0.107843   23.00397   28.64125   34.27853   39.91582   45.55310   51.19038   56.82766   62.46494   68.10222   73.73950
 0.107317   24.35712   30.10810   35.85908   41.61007   47.36105   53.11203   58.86301   64.61399   70.36497   76.11595
 0.106796   25.77397   31.64215   37.51034   43.37853   49.24672   55.11491   60.98310   66.85129   72.71948   78.58767
 0.106280   27.25769   33.24676   39.23583   45.22490   51.21397   57.20304   63.19211   69.18118   75.17025   81.15932
 0.105769   28.81168   34.92548   41.03928   47.15308   53.26688   59.38068   65.49448   71.60827   77.72207   83.83587
 0.105263   30.43956   36.68212   42.92468   49.16725   55.40981   61.65237   67.89494   74.13750   80.38006   86.62263
 0.104762   32.14516   38.52072   44.89629   51.27185   57.64741   64.02297   70.39853   76.77410   83.14966   89.52522
 0.104265   33.93260   40.44561   46.95862   53.47162   59.98463   66.49764   73.01065   79.52365   86.03666   92.54967
 0.103774   35.80626   42.46139   49.11651   55.77164   62.42676   69.08189   75.73702   82.39214   89.04727   95.70239
 0.103286   37.77083   44.57299   51.37515   58.17731   64.97947   71.78163   78.58379   85.38595   92.18811   98.99027
 0.102804   39.83132   46.78569   53.74006   60.69443   67.64880   74.60317   81.55754   88.51191   95.46628  102.42065
 0.102326   41.99312   49.10515   56.21718   63.32922   70.44125   77.55328   84.66532   91.77735   98.88938  106.00142
 0.101852   44.26198   51.53743   58.81288   66.08833   73.36378   80.63923   87.91467   95.19012  102.46557  109.74102
 0.101382   46.64412   54.08906   61.53399   68.97893   76.42387   83.86880   91.31374   98.75868  106.20361  113.64855
 0.100917   49.14620   56.76704   64.38788   72.00872   79.62957   87.25041   94.87125  102.49209  110.11293  117.73378
 0.100457   51.77540   59.57893   67.38247   75.18601   82.98954   90.79308   98.59662  106.40015  114.20369  122.00723
 0.100000   54.53947   62.53289   70.52631   78.51973   86.51315   94.50657  102.49999  110.49341  118.48683  126.48025
