   V   p(1.000)   p(1.067)   p(1.133)   p(1.200)   p(1.267)   p(1.333)   p(1.400)   p(1.467)   p(1.533)   p(1.600)   p(1.667)
0.10  10.000000  11.659144  13.593564  15.848932  18.478498  21.544347  25.118864  29.286446  34.145489  39.810717  46.415888
0.11   9.090909  10.532088  12.201736  14.136073  16.377060  18.973309  21.981141  25.465804  29.502889  34.179972  39.598511
0.12   8.333333   9.598573  11.055912  12.734518  14.667984  16.895006  19.460153  22.414764  25.817970  29.737880  34.252945
0.13   7.692308   8.813067  10.097120  11.568258  13.253739  15.184793  17.397198  19.931948  22.836008  26.163186  29.975130
0.14   7.142857   8.143231   9.283710  10.583915  12.066218  13.756120  15.682697  17.879096  20.383105  23.237807  26.492317
0.15   6.666667   7.565471   8.585453   9.742950  11.056502  12.547147  14.238762  16.158442  18.336935  20.809133  23.614635
0.16   6.250000   7.062178   7.979898   9.016874  10.188604  11.512598  13.008644  14.699098  16.609225  18.767569  21.206388
0.17   5.882353   6.619947   7.450028   8.384194   9.435495  10.618621  11.950099  13.448533  15.134857  17.032631  19.168368
0.18   5.555556   6.228393   6.982718   7.828400   8.776503   9.839431  11.031092  12.367075  13.864860  15.544043  17.426593
0.19   5.263158   5.879352   6.567689   7.336614   8.195563   9.155074  10.226922  11.424259  12.761777  14.255887  15.924923
0.20   5.000000   5.566318   6.196779   6.898648   7.680014   8.549880   9.518270  10.596343  11.796523  13.132639  14.620089
0.21   4.761905   5.284040   5.863426   6.506341   7.219751   8.011385   8.889820   9.864575  10.946209  12.146443  13.478281
0.22   4.545455   5.028238   5.562299   6.153083   6.806616   7.529563   8.329295   9.213969  10.192606  11.275186  12.472749
0.23   4.347826   4.795387   5.289019   5.833465   6.433956   7.096261   7.826742   8.632419   9.521031  10.501116  11.582090
0.24   4.166667   4.582558   5.039962   5.543021   6.096292   6.704787   7.374019   8.110050   8.919546   9.809842  10.789002
0.25   4.000000   4.387300   4.812100   5.278032   5.789077   6.349604   6.964405   7.638733   8.378353   9.189587  10.079368
0.26   3.846154   4.207542   4.602886   5.035377   5.508505   6.026089   6.592305   7.211724   7.889344   8.630633   9.441574
0.27   3.703704   4.041525   4.410161   4.812420   5.251369   5.730357   6.253033   6.823384   7.445758   8.124899   8.865986
0.28   3.571429   3.887748   4.232084   4.606917   5.014949   5.459120   5.942631   6.468966   7.041919   7.665618   8.344557
0.29   3.448276   3.744916   4.067076   4.416949   4.796921   5.209579   5.657738   6.144449   6.673030   7.247082   7.870518
0.30   3.333333   3.611913   3.913776   4.240865   4.595292   4.979339   5.395482   5.846404   6.335012   6.864454   7.438144
0.31   3.225806   3.487768   3.771002   4.077237   4.408341   4.766333   5.153397   5.571894   6.024376   6.513603   7.042559
0.32   3.125000   3.371631   3.637726   3.924823   4.234577   4.568778   4.929354   5.318388   5.738125   6.190989   6.679594
0.33   3.030303   3.262760   3.513049   3.782538   4.072699   4.385119   4.721505   5.083696   5.473670   5.893560   6.345660
0.34   2.941176   3.160500   3.396179   3.649432   3.921571   4.214002   4.528241   4.865912   5.228763   5.618673   6.037657
0.35   2.857143   3.064273   3.286419   3.524669   3.780192   4.054238   4.348152   4.663374   5.001447   5.364029   5.752897
0.36   2.777778   2.973564   3.183150   3.407509   3.647681   3.904781   4.180002   4.474622   4.790007   5.127622   5.489033
0.37   2.702703   2.887918   3.085826   3.297296   3.523258   3.764706   4.022699   4.298373   4.592939   4.907691   5.244013
0.38   2.631579   2.806925   2.993955   3.193447   3.406231   3.633194   3.875279   4.133495   4.408916   4.702689   5.016036
0.39   2.564103   2.730221   2.907101   3.095441   3.295982   3.509516   3.736883   3.978981   4.236764   4.511247   4.803513
0.40   2.500000   2.657476   2.824871   3.002811   3.191959   3.393022   3.606750   3.833940   4.075442   4.332155   4.605039
0.41   2.439024   2.588395   2.746913   2.915140   3.093669   3.283131   3.484196   3.697575   3.924022   4.164337   4.419369
0.42   2.380952   2.522711   2.672909   2.832050   3.000665   3.179320   3.368612   3.569174   3.781677   4.006832   4.245393
0.43   2.325581   2.460181   2.602570   2.753201   2.912549   3.081121   3.259449   3.448098   3.647666   3.858784   4.082121
0.44   2.272727   2.400585   2.535636   2.678285   2.828959   2.988109   3.156213   3.333773   3.521323   3.719424   3.928670
0.45   2.222222   2.343725   2.471871   2.607024   2.749566   2.899902   3.058458   3.225683   3.402051   3.588062   3.784244
0.46   2.173913   2.289417   2.411059   2.539163   2.674074   2.816153   2.965781   3.123359   3.289309   3.464076   3.648130
0.47   2.127660   2.237496   2.353003   2.474472   2.602212   2.736547   2.877816   3.026378   3.182609   3.346905   3.519683
0.48   2.083333   2.187809   2.297523   2.412740   2.533734   2.660797   2.794231   2.934356   3.081509   3.236041   3.398323
0.49   2.040816   2.140216   2.244456   2.353774   2.468416   2.588641   2.714723   2.846945   2.985607   3.131023   3.283522
0.50   2.000000   2.094588   2.193650   2.297397   2.406050   2.519842   2.639016   2.763826   2.894538   3.031433   3.174802
0.51   1.960784   2.050809   2.144966   2.243447   2.346449   2.454180   2.566857   2.684708   2.807970   2.936890   3.071730
0.52   1.923077   2.008768   2.098277   2.191775   2.289439   2.391455   2.498017   2.609327   2.725596   2.847047   2.973910
0.53   1.886792   1.968365   2.053465   2.142244   2.234861   2.331483   2.432281   2.537438   2.647141   2.761586   2.880980
0.54   1.851852   1.929508   2.010421   2.094727   2.182569   2.274094   2.369456   2.468818   2.572347   2.680217   2.792611
0.55   1.818182   1.892110   1.969045   2.049108   2.132426   2.219132   2.309363   2.403263   2.500982   2.602674   2.708500
0.56   1.785714   1.856092   1.929243   2.005277   2.084308   2.166453   2.251836   2.340584   2.432830   2.528711   2.628371
0.57   1.754386   1.821378   1.890929   1.963135   2.038099   2.115925   2.196723   2.280606   2.367692   2.458104   2.551968
0.58   1.724138   1.787901   1.854022   1.922589   1.993691   2.067423   2.143882   2.223168   2.305386   2.390646   2.479058
0.59   1.694915   1.755596   1.818449   1.883552   1.950986   2.020834   2.093183   2.168122   2.245744   2.326145   2.409424
0.60   1.666667   1.724403   1.784139   1.845944   1.909890   1.976052   2.044505   2.115330   2.188609   2.264425   2.342869
0.61   1.639344   1.694266   1.751027   1.809690   1.870318   1.932978   1.997737   2.064665   2.133835   2.205323   2.279206
0.62   1.612903   1.665133   1.719054   1.774721   1.832190   1.891521   1.952772   2.016008   2.081291   2.148688   2.218267
0.63   1.587302   1.636955   1.688162   1.740970   1.795431   1.851595   1.909516   1.969249   2.030850   2.094378   2.159894
0.64   1.562500   1.609687   1.658298   1.708378   1.759970   1.813121   1.867876   1.924285   1.982397   2.042265   2.103940
0.65   1.538462   1.583285   1.629414   1.676888   1.725744   1.776024   1.827769   1.881021   1.935825   1.992226   2.050270
0.66   1.515152   1.557710   1.601463   1.646445   1.692691   1.740236   1.789116   1.839369   1.891034   1.944150   1.998758
0.67   1.492537   1.532923   1.574401   1.617001   1.660754   1.705691   1.751843   1.799245   1.847929   1.897931   1.949285
0.68   1.470588   1.508889   1.548186   1.588508   1.629879   1.672328   1.715882   1.760571   1.806424   1.853471   1.901743
0.69   1.449275   1.485574   1.522782   1.560922   1.600017   1.640091   1.681169   1.723275   1.766437   1.810679   1.856029
0.70   1.428571   1.462948   1.498151   1.534201   1.571119   1.608926   1.647642   1.687289   1.727891   1.769470   1.812049
0.71   1.408451   1.440979   1.474259   1.508308   1.543143   1.578782   1.615245   1.652549   1.690715   1.729763   1.769713
0.72   1.388889   1.419641   1.451075   1.483204   1.516045   1.549613   1.583925   1.618996   1.654843   1.691484   1.728937
0.73   1.369863   1.398907   1.428567   1.458856   1.489788   1.521375   1.553631   1.586572   1.620211   1.654563   1.689644
0.74   1.351351   1.378752   1.406708   1.435231   1.464333   1.494024   1.524318   1.555226   1.586760   1.618934   1.651761
0.75   1.333333   1.359152   1.385470   1.412298   1.439646   1.467523   1.495940   1.524907   1.554436   1.584536   1.615218
0.76   1.315789   1.340084   1.364828   1.390028   1.415694   1.441834   1.468456   1.495570   1.523184   1.551309   1.579952
0.77   1.298701   1.321529   1.344757   1.368394   1.392446   1.416921   1.441826   1.467169   1.492958   1.519200   1.545903
0.78   1.282051   1.303464   1.325235   1.347369   1.369873   1.392752   1.416014   1.439664   1.463710   1.488157   1.513012
0.79   1.265823   1.285872   1.306239   1.326928   1.347946   1.369296   1.390984   1.413016   1.435396   1.458131   1.481227
0.80   1.250000   1.268734   1.287749   1.307049   1.326639   1.346522   1.366703   1.387186   1.407976   1.429078   1.450497
0.81   1.234568   1.252034   1.269746   1.287710   1.305927   1.324402   1.343139   1.362141   1.381411   1.400954   1.420774
0.82   1.219512   1.235754   1.252211   1.268888   1.285787   1.302911   1.320263   1.337847   1.355664   1.373719   1.392014
0.83   1.204819   1.219879   1.235127   1.250565   1.266196   1.282023   1.298048   1.314273   1.330700   1.347333   1.364174
0.84   1.190476   1.204394   1.218476   1.232721   1.247133   1.261714   1.276465   1.291389   1.306487   1.321762   1.337215
0.85   1.176471   1.189286   1.202242   1.215339   1.228578   1.241961   1.255491   1.269167   1.282993   1.296969   1.311098
0.86   1.162791   1.174541   1.186411   1.198400   1.210511   1.222744   1.235100   1.247582   1.260189   1.272924   1.285788
0.87   1.149425   1.160146   1.170968   1.181890   1.192913   1.204040   1.215271   1.226606   1.238047   1.249595   1.261250
0.88   1.136364   1.146089   1.155898   1.165791   1.175769   1.185832   1.195981   1.206217   1.216540   1.226952   1.237453
0.89   1.123596   1.132359   1.141190   1.150090   1.159060   1.168100   1.177210   1.186391   1.195644   1.204969   1.214367
0.90   1.111111   1.118943   1.126830   1.134773   1.142772   1.150827   1.158939   1.167108   1.175335   1.183619   1.191962
0.91   1.098901   1.105832   1.112807   1.119825   1.126888   1.133996   1.141148   1.148346   1.155588   1.162877   1.170211
0.92   1.086957   1.093015   1.099108   1.105235   1.111396   1.117591   1.123821   1.130085   1.136385   1.142719   1.149089
0.93   1.075269   1.080484   1.085724   1.090989   1.096280   1.101597   1.106939   1.112308   1.117702   1.123123   1.128570
0.94   1.063830   1.068227   1.072643   1.077077   1.081529   1.085999   1.090488   1.094996   1.099522   1.104067   1.108631
0.95   1.052632   1.056237   1.059855   1.063486   1.067129   1.070784   1.074452   1.078132   1.081825   1.085531   1.089249
0.96   1.041667   1.044505   1.047352   1.050206   1.053068   1.055938   1.058815   1.061701   1.064594   1.067495   1.070405
0.97   1.030928   1.033023   1.035123   1.037227   1.039336   1.041448   1.043565   1.045686   1.047812   1.049942   1.052076
0.98   1.020408   1.021783   1.023161   1.024540   1.025920   1.027303   1.028688   1.030074   1.031462   1.032852   1.034244
0.99   1.010101   1.010778   1.011455   1.012133   1.012812   1.013491   1.014170   1.014850   1.015530   1.016211   1.016892
1.00   1.000000   1.000000   1.000000   1.000000   1.000000   1.000000   1.000000   1.000000   1.000000   1.000000   1.000000
1.01   0.990099   0.989442   0.988786   0.988131   0.987475   0.986821   0.986166   0.985512   0.984859   0.984206   0.983553
1.02   0.980392   0.979099   0.977807   0.976517   0.975229   0.973942   0.972657   0.971374   0.970092   0.968812   0.967534
1.03   0.970874   0.968962   0.967055   0.965151   0.963251   0.961355   0.959462   0.957573   0.955688   0.953807   0.951929
1.04   0.961538   0.959028   0.956523   0.954026   0.951534   0.949050   0.946571   0.944100   0.941634   0.939175   0.936723
1.05   0.952381   0.949288   0.946205   0.943133   0.940070   0.937017   0.933974   0.930941   0.927918   0.924905   0.921901
1.06   0.943396   0.939739   0.936095   0.932466   0.928851   0.925249   0.921662   0.918089   0.914529   0.910984   0.907452
1.07   0.934579   0.930373   0.926186   0.922018   0.917869   0.913738   0.909626   0.905532   0.901457   0.897400   0.893361
1.08   0.925926   0.921187   0.916473   0.911783   0.907117   0.902475   0.897856   0.893261   0.888690   0.884142   0.879617
1.09   0.917431   0.912175   0.906950   0.901754   0.896588   0.891452   0.886345   0.881268   0.876219   0.871199   0.866209
1.10   0.909091   0.903333   0.897611   0.891926   0.886277   0.880663   0.875085   0.869542   0.864035   0.858562   0.853124
1.11   0.900901   0.894655   0.888452   0.882292   0.876175   0.870100   0.864068   0.858077   0.852128   0.846220   0.840353
1.12   0.892857   0.886137   0.879467   0.872848   0.866278   0.859757   0.853286   0.846864   0.840490   0.834163   0.827885
1.13   0.884956   0.877775   0.870652   0.863587   0.856579   0.849628   0.842733   0.835895   0.829112   0.822384   0.815710
1.14   0.877193   0.869564   0.862001   0.854504   0.847072   0.839705   0.832402   0.825163   0.817986   0.810872   0.803820
1.15   0.869565   0.861501   0.853511   0.845595   0.837753   0.829984   0.822286   0.814660   0.807105   0.799620   0.792204
1.16   0.862069   0.853581   0.845177   0.836855   0.828616   0.820457   0.812379   0.804381   0.796461   0.788619   0.780854
1.17   0.854701   0.845801   0.836995   0.828280   0.819655   0.811121   0.802675   0.794317   0.786047   0.777862   0.769763
1.18   0.847458   0.838158   0.828960   0.819864   0.810867   0.801969   0.793168   0.784464   0.775856   0.767342   0.758921
1.19   0.840336   0.830647   0.821070   0.811603   0.802245   0.792995   0.783852   0.774815   0.765881   0.757051   0.748322
1.20   0.833333   0.823266   0.813320   0.803494   0.793787   0.784197   0.774723   0.765363   0.756117   0.746982   0.737957
1.21   0.826446   0.816010   0.805706   0.795532   0.785486   0.775567   0.765774   0.756104   0.746556   0.737129   0.727821
1.22   0.819672   0.808878   0.798225   0.787713   0.777340   0.767103   0.757001   0.747031   0.737194   0.727485   0.717905
1.23   0.813008   0.801865   0.790874   0.780035   0.769343   0.758799   0.748398   0.738141   0.728024   0.718045   0.708204
1.24   0.806452   0.794969   0.783650   0.772492   0.761493   0.750650   0.739962   0.729426   0.719041   0.708803   0.698710
1.25   0.800000   0.788187   0.776549   0.765082   0.753785   0.742654   0.731688   0.720884   0.710239   0.699752   0.689419
1.26   0.793651   0.781516   0.769567   0.757801   0.746215   0.734806   0.723571   0.712508   0.701614   0.690887   0.680324
1.27   0.787402   0.774954   0.762704   0.750647   0.738780   0.727101   0.715607   0.704295   0.693161   0.682204   0.671419
1.28   0.781250   0.768498   0.755954   0.743615   0.731477   0.719537   0.707793   0.696240   0.684875   0.673696   0.662700
1.29   0.775194   0.762145   0.749316   0.736703   0.724302   0.712110   0.700123   0.688338   0.676751   0.665360   0.654160
1.30   0.769231   0.755893   0.742787   0.729908   0.717252   0.704816   0.692595   0.680586   0.668786   0.657190   0.645795
1.31   0.763359   0.749740   0.736364   0.723227   0.710324   0.697651   0.685204   0.672980   0.660973   0.649181   0.637599
1.32   0.757576   0.743683   0.730045   0.716657   0.703514   0.690613   0.677948   0.665516   0.653311   0.641330   0.629569
1.33   0.751880   0.737720   0.723827   0.710196   0.696821   0.683698   0.670823   0.658189   0.645794   0.633632   0.621700
1.34   0.746269   0.731849   0.717708   0.703840   0.690241   0.676904   0.663825   0.650998   0.638419   0.626084   0.613986
1.35   0.740741   0.726068   0.711686   0.697589   0.683771   0.670227   0.656951   0.643938   0.631182   0.618680   0.606425
1.36   0.735294   0.720375   0.705758   0.691438   0.677409   0.663664   0.650198   0.637005   0.624080   0.611417   0.599011
1.37   0.729927   0.714767   0.699923   0.685386   0.671152   0.657213   0.643563   0.630197   0.617109   0.604292   0.591742
1.38   0.724638   0.709244   0.694177   0.679431   0.664997   0.650870   0.637044   0.623511   0.610265   0.597301   0.584613
1.39   0.719424   0.703803   0.688520   0.673569   0.658943   0.644635   0.630637   0.616943   0.603546   0.590441   0.577620
1.40   0.714286   0.698442   0.682949   0.667800   0.652987   0.638503   0.624339   0.610490   0.596949   0.583707   0.570760
1.41   0.709220   0.693159   0.677462   0.662121   0.647126   0.632472   0.618149   0.604151   0.590469   0.577098   0.564029
1.42   0.704225   0.687954   0.672058   0.656529   0.641359   0.626540   0.612063   0.597921   0.584105   0.570609   0.557425
1.43   0.699301   0.682823   0.666734   0.651024   0.635684   0.620705   0.606079   0.591798   0.577854   0.564238   0.550943
1.44   0.694444   0.677766   0.661489   0.645602   0.630097   0.614964   0.600195   0.585781   0.571712   0.557982   0.544581
1.45   0.689655   0.672782   0.656321   0.640263   0.624598   0.609316   0.594408   0.579865   0.565678   0.551837   0.538336
1.46   0.684932   0.667867   0.651229   0.635004   0.619184   0.603758   0.588716   0.574049   0.559748   0.545802   0.532205
1.47   0.680272   0.663022   0.646210   0.629824   0.613853   0.598288   0.583117   0.568331   0.553920   0.539874   0.526184
1.48   0.675676   0.658245   0.641264   0.624721   0.608605   0.592904   0.577609   0.562708   0.548191   0.534049   0.520272
1.49   0.671141   0.653534   0.636388   0.619693   0.603435   0.587604   0.572189   0.557177   0.542560   0.528326   0.514465
1.50   0.666667   0.648887   0.631582   0.614739   0.598344   0.582387   0.566855   0.551738   0.537024   0.522702   0.508762
1.51   0.662252   0.644305   0.626844   0.609857   0.593329   0.577250   0.561607   0.546387   0.531580   0.517174   0.503159
1.52   0.657895   0.639784   0.622172   0.605045   0.588389   0.572192   0.556441   0.541123   0.526227   0.511741   0.497654
1.53   0.653595   0.635325   0.617566   0.600303   0.583522   0.567211   0.551356   0.535944   0.520963   0.506400   0.492245
1.54   0.649351   0.630925   0.613023   0.595628   0.578727   0.562306   0.546350   0.530847   0.515784   0.501149   0.486929
1.55   0.645161   0.626584   0.608542   0.591020   0.574002   0.557474   0.541422   0.525832   0.510691   0.495986   0.481704
1.56   0.641026   0.622301   0.604123   0.586476   0.569345   0.552714   0.536569   0.520895   0.505680   0.490909   0.476569
1.57   0.636943   0.618074   0.599764   0.581997   0.564755   0.548025   0.531790   0.516037   0.500750   0.485915   0.471521
1.58   0.632911   0.613902   0.595464   0.577579   0.560232   0.543405   0.527084   0.511253   0.495898   0.481004   0.466557
1.59   0.628931   0.609785   0.591221   0.573223   0.555772   0.538853   0.522449   0.506544   0.491124   0.476173   0.461677
1.60   0.625000   0.605720   0.587035   0.568926   0.551376   0.534367   0.517883   0.501908   0.486425   0.471420   0.456878
1.61   0.621118   0.601708   0.582904   0.564689   0.547042   0.529947   0.513386   0.497342   0.481800   0.466744   0.452158
1.62   0.617284   0.597747   0.578828   0.560508   0.542768   0.525589   0.508955   0.492846   0.477247   0.462143   0.447516
1.63   0.613497   0.593836   0.574805   0.556384   0.538554   0.521295   0.504589   0.488418   0.472765   0.457615   0.442949
1.64   0.609756   0.589974   0.570835   0.552316   0.534398   0.517061   0.500286   0.484056   0.468352   0.453158   0.438457
1.65   0.606061   0.586161   0.566915   0.548301   0.530298   0.512887   0.496047   0.479759   0.464007   0.448772   0.434037
1.66   0.602410   0.582396   0.563046   0.544340   0.526255   0.508771   0.491868   0.475527   0.459728   0.444454   0.429688
1.67   0.598802   0.578676   0.559227   0.540431   0.522267   0.504713   0.487750   0.471356   0.455514   0.440204   0.425408
1.68   0.595238   0.575003   0.555456   0.536573   0.518332   0.500712   0.483690   0.467247   0.451363   0.436019   0.421196
1.69   0.591716   0.571374   0.551732   0.532765   0.514450   0.496765   0.479688   0.463197   0.447274   0.431898   0.417051
1.70   0.588235   0.567790   0.548056   0.529007   0.510620   0.492873   0.475742   0.459207   0.443246   0.427840   0.412970
1.71   0.584795   0.564249   0.544425   0.525297   0.506841   0.489033   0.471852   0.455273   0.439278   0.423844   0.408953
1.72   0.581395   0.560750   0.540839   0.521634   0.503111   0.485246   0.468015   0.451397   0.435368   0.419908   0.404998
1.73   0.578035   0.557294   0.537297   0.518018   0.499430   0.481510   0.464232   0.447575   0.431515   0.416032   0.401104
1.74   0.574713   0.553878   0.533799   0.514447   0.495797   0.477824   0.460502   0.443807   0.427718   0.412213   0.397269
1.75   0.571429   0.550503   0.530343   0.510922   0.492212   0.474187   0.456822   0.440093   0.423976   0.408450   0.393493
1.76   0.568182   0.547167   0.526929   0.507440   0.488672   0.470598   0.453192   0.436430   0.420288   0.404743   0.389773
1.77   0.564972   0.543870   0.523557   0.504002   0.485177   0.467056   0.449612   0.432819   0.416653   0.401091   0.386110
1.78   0.561798   0.540612   0.520224   0.500606   0.481727   0.463561   0.446079   0.429257   0.413069   0.397492   0.382502
1.79   0.558659   0.537391   0.516932   0.497252   0.478321   0.460111   0.442594   0.425744   0.409536   0.393945   0.378947
1.80   0.555556   0.534207   0.513678   0.493939   0.474958   0.456706   0.439156   0.422280   0.406052   0.390449   0.375445
1.81   0.552486   0.531059   0.510463   0.490666   0.471636   0.453345   0.435763   0.418862   0.402618   0.387003   0.371994
1.82   0.549451   0.527947   0.507285   0.487432   0.468356   0.450027   0.432414   0.415491   0.399231   0.383606   0.368594
1.83   0.546448   0.524871   0.504145   0.484238   0.465117   0.446751   0.429110   0.412166   0.395890   0.380258   0.365243
1.84   0.543478   0.521828   0.501041   0.481081   0.461917   0.443516   0.425848   0.408884   0.392596   0.376957   0.361940
1.85   0.540541   0.518820   0.497973   0.477963   0.458757   0.440323   0.422629   0.405647   0.389347   0.373702   0.358685
1.86   0.537634   0.515845   0.494939   0.474881   0.455635   0.437169   0.419452   0.402452   0.386142   0.370492   0.355477
1.87   0.534759   0.512903   0.491941   0.471835   0.452551   0.434055   0.416315   0.399300   0.382980   0.367327   0.352315
1.88   0.531915   0.509994   0.488976   0.468825   0.449504   0.430979   0.413218   0.396188   0.379861   0.364206   0.349197
1.89   0.529101   0.507116   0.486045   0.465850   0.446493   0.427941   0.410160   0.393118   0.376784   0.361128   0.346123
1.90   0.526316   0.504270   0.483147   0.462909   0.443519   0.424941   0.407141   0.390087   0.373747   0.358092   0.343092
1.91   0.523560   0.501454   0.480281   0.460002   0.440580   0.421977   0.404160   0.387095   0.370751   0.355097   0.340103
1.92   0.520833   0.498669   0.477447   0.457129   0.437675   0.419049   0.401216   0.384142   0.367794   0.352142   0.337156
1.93   0.518135   0.495913   0.474644   0.454288   0.434805   0.416157   0.398309   0.381226   0.364876   0.349227   0.334250
1.94   0.515464   0.493187   0.471873   0.451479   0.431968   0.413299   0.395437   0.378347   0.361996   0.346352   0.331383
1.95   0.512821   0.490490   0.469131   0.448702   0.429164   0.410475   0.392601   0.375505   0.359154   0.343514   0.328556
1.96   0.510204   0.487821   0.466419   0.445957   0.426392   0.407685   0.389800   0.372699   0.356348   0.340714   0.325767
1.97   0.507614   0.485180   0.463737   0.443242   0.423652   0.404929   0.387032   0.369927   0.353578   0.337951   0.323015
1.98   0.505051   0.482566   0.461083   0.440557   0.420944   0.402204   0.384299   0.367190   0.350843   0.335224   0.320301
1.99   0.502513   0.479980   0.458458   0.437901   0.418266   0.399511   0.381598   0.364487   0.348144   0.332533   0.317623
2.00   0.500000   0.477421   0.455861   0.435275   0.415619   0.396850   0.378929   0.361817   0.345478   0.329877   0.314980
