   V
0.10 278.495330 324.911218 371.327107 417.742995 464.158883 510.574772 556.990660 603.406548 649.822437 696.238325 742.654213 789.070102 835.485990 881.901878 928.317767 974.733655 1021.149543 1067.565432 1113.981320 1160.397208 1206.813097
0.11 237.591067 277.189579 316.788090 356.386601 395.985112 435.583623 475.182135 514.780646 554.379157 593.977668 633.576179 673.174691 712.773202 752.371713 791.970224 831.568736 871.167247 910.765758 950.364269 989.962780 1029.561292
0.12 205.517673 239.770618 274.023564 308.276509 342.529455 376.782400 411.035346 445.288291 479.541237 513.794182 548.047128 582.300073 616.553019 650.805964 685.058910 719.311855 753.564800 787.817746 822.070691 856.323637 890.576582
0.13 179.850782 209.825912 239.801042 269.776173 299.751303 329.726433 359.701563 389.676694 419.651824 449.626954 479.602085 509.577215 539.552345 569.527476 599.502606 629.477736 659.452866 689.427997 719.403127 749.378257 779.353388
0.14 158.953901 185.446218 211.938535 238.430852 264.923168 291.415485 317.907802 344.400119 370.892436 397.384753 423.877070 450.369386 476.861703 503.354020 529.846337 556.338654 582.830971 609.323287 635.815604 662.307921 688.800238
0.15 141.687809 165.302444 188.917079 212.531714 236.146349 259.760984 283.375618 306.990253 330.604888 354.219523 377.834158 401.448793 425.063428 448.678063 472.292697 495.907332 519.521967 543.136602 566.751237 590.365872 613.980507
0.16 127.238326 148.444713 169.651101 190.857489 212.063876 233.270264 254.476652 275.683039 296.889427 318.095814 339.302202 360.508590 381.714977 402.921365 424.127753 445.334140 466.540528 487.746915 508.953303 530.159691 551.366078
0.17 115.010206 134.178574 153.346941 172.515309 191.683677 210.852044 230.020412 249.188780 268.357147 287.525515 306.693883 325.862250 345.030618 364.198986 383.367353 402.535721 421.704089 440.872456 460.040824 479.209192 498.377559
0.18 104.559559 121.986152 139.412745 156.839338 174.265931 191.692524 209.119118 226.545711 243.972304 261.398897 278.825490 296.252083 313.678676 331.105269 348.531863 365.958456 383.385049 400.811642 418.238235 435.664828 453.091421
0.19  95.549536 111.474459 127.399381 143.324304 159.249227 175.174149 191.099072 207.023995 222.948917 238.873840 254.798763 270.723685 286.648608 302.573530 318.498453 334.423376 350.348298 366.273221 382.198144 398.123066 414.047989
0.20  87.720532 102.340621 116.960710 131.580798 146.200887 160.820976 175.441064 190.061153 204.681242 219.301330 233.921419 248.541508 263.161596 277.781685 292.401774 307.021863 321.641951 336.262040 350.882129 365.502217 380.122306
0.21  80.869686  94.347968 107.826249 121.304530 134.782811 148.261092 161.739373 175.217654 188.695935 202.174216 215.652497 229.130778 242.609059 256.087340 269.565621 283.043903 296.522184 310.000465 323.478746 336.957027 350.435308
0.22  74.836497  87.309246  99.781996 112.254745 124.727495 137.200244 149.672993 162.145743 174.618492 187.091242 199.563991 212.036741 224.509490 236.982240 249.454989 261.927739 274.400488 286.873237 299.345987 311.818736 324.291486
0.23  69.492541  81.074631  92.656721 104.238811 115.820901 127.402991 138.985081 150.567172 162.149262 173.731352 185.313442 196.895532 208.477622 220.059712 231.641802 243.223893 254.805983 266.388073 277.970163 289.552253 301.134343
0.24  64.734011  75.523012  86.312014  97.101016 107.890018 118.679019 129.468021 140.257023 151.046025 161.835026 172.624028 183.413030 194.202032 204.991033 215.780035 226.569037 237.358039 248.147040 258.936042 269.725044 280.514046
0.25  60.476210  70.555579  80.634947  90.714316 100.793684 110.873052 120.952421 131.031789 141.111158 151.190526 161.269894 171.349263 181.428631 191.508000 201.587368 211.666736 221.746105 231.825473 241.904842 251.984210 262.063578
0.26  56.649446  66.091021  75.532595  84.974170  94.415744 103.857318 113.298893 122.740467 132.182042 141.623616 151.065191 160.506765 169.948339 179.389914 188.831488 198.273063 207.714637 217.156211 226.597786 236.039360 245.480935
0.27  53.195918  62.061905  70.927891  79.793877  88.659864  97.525850 106.391837 115.257823 124.123809 132.989796 141.855782 150.721768 159.587755 168.453741 177.319728 186.185714 195.051700 203.917687 212.783673 221.649659 230.515646
0.28  50.067341  58.411898  66.756455  75.101012  83.445569  91.790126 100.134683 108.479240 116.823797 125.168354 133.512911 141.857468 150.202024 158.546581 166.891138 175.235695 183.580252 191.924809 200.269366 208.613923 216.958480
0.29  47.223110  55.093629  62.964147  70.834665  78.705184  86.575702  94.446220 102.316739 110.187257 118.057776 125.928294 133.798812 141.669331 149.539849 157.410367 165.280886 173.151404 181.021922 188.892441 196.762959 204.633478
0.30  44.628863  52.067007  59.505151  66.943295  74.381439  81.819583  89.257727  96.695871 104.134014 111.572158 119.010302 126.448446 133.886590 141.324734 148.762878 156.201022 163.639166 171.077309 178.515453 185.953597 193.391741
0.31  42.255356  49.297915  56.340474  63.383033  70.425593  77.468152  84.510711  91.553270  98.595830 105.638389 112.680948 119.723507 126.766067 133.808626 140.851185 147.893745 154.936304 161.978863 169.021422 176.063982 183.106541
0.32  40.077561  46.757155  53.436748  60.116342  66.795935  73.475529  80.155123  86.834716  93.514310 100.193903 106.873497 113.553090 120.232684 126.912277 133.591871 140.271464 146.951058 153.630651 160.310245 166.989839 173.669432
0.33  38.073957  44.419617  50.765276  57.110936  63.456595  69.802255  76.147914  82.493574  88.839233  95.184893 101.530553 107.876212 114.221872 120.567531 126.913191 133.258850 139.604510 145.950169 152.295829 158.641488 164.987148
0.34  36.225945  42.263602  48.301260  54.338917  60.376575  66.414232  72.451890  78.489547  84.527205  90.564862  96.602520 102.640177 108.677835 114.715492 120.753150 126.790807 132.828465 138.866122 144.903780 150.941437 156.979094
0.35  34.517382  40.270278  46.023175  51.776072  57.528969  63.281866  69.034763  74.787660  80.540557  86.293454  92.046351  97.799248 103.552145 109.305042 115.057938 120.810835 126.563732 132.316629 138.069526 143.822423 149.575320
0.36  32.934197  38.423230  43.912263  49.401296  54.890329  60.379362  65.868395  71.357427  76.846460  82.335493  87.824526  93.313559  98.802592 104.291625 109.780658 115.269690 120.758723 126.247756 131.736789 137.225822 142.714855
0.37  31.464080  36.708094  41.952107  47.196121  52.440134  57.684147  62.928161  68.172174  73.416188  78.660201  83.904214  89.148228  94.392241  99.636255 104.880268 110.124282 115.368295 120.612308 125.856322 131.100335 136.344349
0.38  30.096218  35.112254  40.128291  45.144327  50.160363  55.176399  60.192436  65.208472  70.224508  75.240545  80.256581  85.272617  90.288654  95.304690 100.320726 105.336763 110.352799 115.368835 120.384872 125.400908 130.416944
0.39  28.821079  33.624592  38.428106  43.231619  48.035132  52.838645  57.642158  62.445672  67.249185  72.052698  76.856211  81.659724  86.463238  91.266751  96.070264 100.873777 105.677290 110.480804 115.284317 120.087830 124.891343
0.40  27.630236  32.235276  36.840315  41.445354  46.050394  50.655433  55.260472  59.865512  64.470551  69.075591  73.680630  78.285669  82.890709  87.495748  92.100787  96.705827 101.310866 105.915906 110.520945 115.125984 119.731024
0.41  26.516212  30.935581  35.354950  39.774319  44.193687  48.613056  53.032425  57.451794  61.871162  66.290531  70.709900  75.129268  79.548637  83.968006  88.387375  92.806743  97.226112 101.645481 106.064850 110.484218 114.903587
0.42  25.472355  29.717748  33.963140  38.208533  42.453925  46.699318  50.944710  55.190103  59.435495  63.680888  67.926280  72.171673  76.417065  80.662458  84.907850  89.153243  93.398635  97.644028 101.889420 106.134813 110.380205
0.43  24.492728  28.574849  32.656971  36.739092  40.821213  44.903334  48.985456  53.067577  57.149698  61.231820  65.313941  69.396062  73.478184  77.560305  81.642426  85.724548  89.806669  93.888790  97.970912 102.053033 106.135154
0.44  23.572019  27.500689  31.429359  35.358029  39.286699  43.215369  47.144039  51.072709  55.001379  58.930048  62.858718  66.787388  70.716058  74.644728  78.573398  82.502068  86.430738  90.359408  94.288078  98.216747 102.145417
0.45  22.705465  26.489709  30.273953  34.058197  37.842441  41.626685  45.410929  49.195173  52.979418  56.763662  60.547906  64.332150  68.116394  71.900638  75.684882  79.469126  83.253370  87.037615  90.821859  94.606103  98.390347
0.46  21.888779  25.536909  29.185038  32.833168  36.481298  40.129428  43.777557  47.425687  51.073817  54.721947  58.370077  62.018206  65.666336  69.314466  72.962596  76.610726  80.258855  83.906985  87.555115  91.203245  94.851374
0.47  21.118099  24.637782  28.157465  31.677148  35.196832  38.716515  42.236198  45.755881  49.275564  52.795247  56.314931  59.834614  63.354297  66.873980  70.393663  73.913346  77.433029  80.952713  84.472396  87.992079  91.511762
0.48  20.389936  23.788258  27.186581  30.584903  33.983226  37.381549  40.779871  44.178194  47.576516  50.974839  54.373162  57.771484  61.169807  64.568129  67.966452  71.364775  74.763097  78.161420  81.559743  84.958065  88.356388
0.49  19.701129  22.984651  26.268172  29.551694  32.835215  36.118737  39.402258  42.685780  45.969301  49.252823  52.536344  55.819866  59.103387  62.386909  65.670430  68.953952  72.237473  75.520995  78.804516  82.088038  85.371559
0.50  19.048813  22.223615  25.398417  28.573219  31.748021  34.922823  38.097625  41.272427  44.447229  47.622032  50.796834  53.971636  57.146438  60.321240  63.496042  66.670844  69.845646  73.020448  76.195250  79.370053  82.544855
0.51  18.430380  21.502110  24.573840  27.645570  30.717300  33.789030  36.860760  39.932490  43.004220  46.075950  49.147680  52.219410  55.291140  58.362870  61.434600  64.506330  67.578060  70.649790  73.721520  76.793250  79.864980
0.52  17.843458  20.817367  23.791277  26.765186  29.739096  32.713005  35.686915  38.660825  41.634734  44.608644  47.582553  50.556463  53.530373  56.504282  59.478192  62.452101  65.426011  68.399920  71.373830  74.347740  77.321649
0.53  17.285879  20.166859  23.047839  25.928818  28.809798  31.690778  34.571758  37.452738  40.333718  43.214697  46.095677  48.976657  51.857637  54.738617  57.619597  60.500576  63.381556  66.262536  69.143516  72.024496  74.905476
0.54  16.755664  19.548275  22.340886  25.133496  27.926107  30.718718  33.511329  36.303939  39.096550  41.889161  44.681771  47.474382  50.266993  53.059604  55.852214  58.644825  61.437436  64.230046  67.022657  69.815268  72.607879
0.55  16.251000  18.959500  21.668001  24.376501  27.085001  29.793501  32.502001  35.210501  37.919001  40.627501  43.336001  46.044501  48.753001  51.461501  54.170001  56.878501  59.587001  62.295502  65.004002  67.712502  70.421002
0.56  15.770224  18.398595  21.026966  23.655337  26.283707  28.912078  31.540449  34.168819  36.797190  39.425561  42.053932  44.682302  47.310673  49.939044  52.567415  55.195785  57.824156  60.452527  63.080897  65.709268  68.337639
0.57  15.311809  17.863777  20.415745  22.967713  25.519681  28.071649  30.623617  33.175585  35.727553  38.279521  40.831490  43.383458  45.935426  48.487394  51.039362  53.591330  56.143298  58.695266  61.247234  63.799202  66.351170
0.58  14.874348  17.353406  19.832464  22.311521  24.790579  27.269637  29.748695  32.227753  34.706811  37.185869  39.664927  42.143985  44.623043  47.102101  49.581159  52.060217  54.539275  57.018333  59.497391  61.976449  64.455506
0.59  14.456547  16.865971  19.275396  21.684820  24.094245  26.503669  28.913093  31.322518  33.731942  36.141367  38.550791  40.960216  43.369640  45.779065  48.188489  50.597914  53.007338  55.416762  57.826187  60.235611  62.645036
0.60  14.057211  16.400080  18.742948  21.085817  23.428685  25.771554  28.114422  30.457291  32.800159  35.143028  37.485896  39.828765  42.171633  44.514502  46.857370  49.200239  51.543107  53.885976  56.228844  58.571713  60.914581
0.61  13.675237  15.954443  18.233649  20.512855  22.792062  25.071268  27.350474  29.629680  31.908886  34.188092  36.467298  38.746505  41.025711  43.304917  45.584123  47.863329  50.142535  52.421741  54.700948  56.980154  59.259360
0.62  13.309603  15.527870  17.746137  19.964404  22.182672  24.400939  26.619206  28.837473  31.055740  33.274007  35.492275  37.710542  39.928809  42.147076  44.365343  46.583610  48.801878  51.020145  53.238412  55.456679  57.674946
0.63  12.959363  15.119257  17.279151  19.439045  21.598939  23.758833  25.918727  28.078621  30.238515  32.398408  34.558302  36.718196  38.878090  41.037984  43.197878  45.357772  47.517666  49.677560  51.837454  53.997347  56.157241
0.64  12.623641  14.727581  16.831521  18.935461  21.039401  23.143341  25.247282  27.351222  29.455162  31.559102  33.663042  35.766982  37.870922  39.974862  42.078803  44.182743  46.286683  48.390623  50.494563  52.598503  54.702443
0.65  12.301620  14.351891  16.402161  18.452431  20.502701  22.552971  24.603241  26.653511  28.703781  30.754051  32.804321  34.854591  36.904861  38.955131  41.005401  43.055672  45.105942  47.156212  49.206482  51.256752  53.307022
0.66  11.992545  13.991303  15.990060  17.988818  19.987575  21.986333  23.985090  25.983848  27.982605  29.981363  31.980120  33.978878  35.977635  37.976393  39.975150  41.973908  43.972665  45.971423  47.970180  49.968938  51.967695
0.67  11.695710  13.644995  15.594280  17.543565  19.492849  21.442134  23.391419  25.340704  27.289989  29.239274  31.188559  33.137844  35.087129  37.036414  38.985699  40.934984  42.884269  44.833554  46.782839  48.732124  50.681409
0.68  11.410458  13.312201  15.213944  17.115686  19.017429  20.919172  22.820915  24.722658  26.624401  28.526144  30.427887  32.329630  34.231373  36.133116  38.034859  39.936602  41.838345  43.740088  45.641831  47.543573  49.445316
0.69  11.136176  12.992206  14.848235  16.704265  18.560294  20.416323  22.272353  24.128382  25.984411  27.840441  29.696470  31.552500  33.408529  35.264558  37.120588  38.976617  40.832647  42.688676  44.544705  46.400735  48.256764
0.70  10.872294  12.684343  14.496392  16.308441  18.120490  19.932539  21.744588  23.556637  25.368686  27.180735  28.992784  30.804833  32.616882  34.428931  36.240980  38.053029  39.865078  41.677127  43.489176  45.301225  47.113274
0.71  10.618276  12.387988  14.157701  15.927414  17.697126  19.466839  21.236552  23.006264  24.775977  26.545690  28.315402  30.085115  31.854827  33.624540  35.394253  37.163965  38.933678  40.703391  42.473103  44.242816  46.012529
0.72  10.373622  12.102559  13.831496  15.560433  17.289370  19.018307  20.747244  22.476181  24.205118  25.934055  27.662992  29.391929  31.120866  32.849803  34.578740  36.307677  38.036614  39.765551  41.494488  43.223425  44.952362
0.73  10.137865  11.827509  13.517153  15.206797  16.896441  18.586085  20.275729  21.965373  23.655017  25.344661  27.034305  28.723949  30.413594  32.103238  33.792882  35.482526  37.172170  38.861814  40.551458  42.241102  43.930746
0.74   9.910564  11.562325  13.214086  14.865846  16.517607  18.169368  19.821129  21.472889  23.124650  24.776411  26.428172  28.079932  29.731693  31.383454  33.035214  34.686975  36.338736  37.990497  39.642257  41.294018  42.945779
0.75   9.691310  11.306528  12.921746  14.536965  16.152183  17.767401  19.382620  20.997838  22.613056  24.228275  25.843493  27.458711  29.073929  30.689148  32.304366  33.919584  35.534803  37.150021  38.765239  40.380458  41.995676
0.76   9.479715  11.059667  12.639619  14.219572  15.799524  17.379477  18.959429  20.539382  22.119334  23.699287  25.279239  26.859191  28.439144  30.019096  31.599049  33.179001  34.758954  36.338906  37.918858  39.498811  41.078763
0.77   9.275416  10.821318  12.367221  13.913123  15.459026  17.004928  18.550831  20.096734  21.642636  23.188539  24.734441  26.280344  27.826247  29.372149  30.918052  32.463954  34.009857  35.555760  37.101662  38.647565  40.193467
0.78   9.078071  10.591083  12.104095  13.617107  15.130118  16.643130  18.156142  19.669154  21.182166  22.695178  24.208190  25.721201  27.234213  28.747225  30.260237  31.773249  33.286261  34.799273  36.312284  37.825296  39.338308
0.79   8.887360  10.368586  11.849813  13.331040  14.812266  16.293493  17.774720  19.255946  20.737173  22.218400  23.699626  25.180853  26.662080  28.143306  29.624533  31.105759  32.586986  34.068213  35.549439  37.030666  38.511893
0.80   8.702979  10.153476  11.603972  13.054469  14.504965  15.955462  17.405958  18.856455  20.306951  21.757448  23.207944  24.658441  26.108937  27.559434  29.009930  30.460427  31.910923  33.361420  34.811916  36.262413  37.712909
0.81   8.524643   9.945417  11.366191  12.786965  14.207739  15.628513  17.049287  18.470061  19.890835  21.311608  22.732382  24.153156  25.573930  26.994704  28.415478  29.836252  31.257026  32.677800  34.098573  35.519347  36.940121
0.82   8.352084   9.744097  11.136111  12.528125  13.920139  15.312153  16.704167  18.096181  19.488195  20.880209  22.272223  23.664237  25.056251  26.448265  27.840278  29.232292  30.624306  32.016320  33.408334  34.800348  36.192362
0.83   8.185045   9.549220  10.913394  12.277568  13.641742  15.005917  16.370091  17.734265  19.098439  20.462614  21.826788  23.190962  24.555136  25.919311  27.283485  28.647659  30.011833  31.376008  32.740182  34.104356  35.468530
0.84   8.023289   9.360504  10.697719  12.034934  13.372148  14.709363  16.046578  17.383793  18.721008  20.058223  21.395438  22.732652  24.069867  25.407082  26.744297  28.081512  29.418727  30.755941  32.093156  33.430371  34.767586
0.85   7.866587   9.177685  10.488783  11.799881  13.110979  14.422077  15.733175  17.044273  18.355371  19.666469  20.977566  22.288664  23.599762  24.910860  26.221958  27.533056  28.844154  30.155252  31.466350  32.777448  34.088546
0.86   7.714726   9.000514  10.286301  11.572089  12.857876  14.143664  15.429452  16.715239  18.001027  19.286815  20.572602  21.858390  23.144178  24.429965  25.715753  27.001541  28.287328  29.573116  30.858903  32.144691  33.430479
0.87   7.567501   8.828751  10.090002  11.351252  12.612502  13.873752  15.135002  16.396253  17.657503  18.918753  20.180003  21.441253  22.702503  23.963754  25.225004  26.486254  27.747504  29.008754  30.270005  31.531255  32.792505
0.88   7.424721   8.662174   9.899628  11.137081  12.374535  13.611988  14.849442  16.086895  17.324349  18.561802  19.799256  21.036709  22.274163  23.511616  24.749070  25.986523  27.223976  28.461430  29.698883  30.936337  32.173790
0.89   7.286203   8.500570   9.714937  10.929304  12.143671  13.358038  14.572405  15.786772  17.001139  18.215506  19.429873  20.644241  21.858608  23.072975  24.287342  25.501709  26.716076  27.930443  29.144810  30.359177  31.573544
0.90   7.151773   8.343735   9.535698  10.727660  11.919622  13.111584  14.303546  15.495509  16.687471  17.879433  19.071395  20.263357  21.455320  22.647282  23.839244  25.031206  26.223168  27.415131  28.607093  29.799055  30.991017
0.91   7.021269   8.191480   9.361692  10.531903  11.702115  12.872326  14.042537  15.212749  16.382960  17.553172  18.723383  19.893595  21.063806  22.234018  23.404229  24.574441  25.744652  26.914864  28.085075  29.255286  30.425498
0.92   6.894533   8.043622   9.192711  10.341800  11.490889  12.639978  13.789067  14.938155  16.087244  17.236333  18.385422  19.534511  20.683600  21.832689  22.981778  24.130866  25.279955  26.429044  27.578133  28.727222  29.876311
0.93   6.771419   7.899989   9.028558  10.157128  11.285698  12.414268  13.542837  14.671407  15.799977  16.928547  18.057117  19.185686  20.314256  21.442826  22.571396  23.699966  24.828535  25.957105  27.085675  28.214245  29.342814
0.94   6.651784   7.760415   8.869046   9.977677  11.086307  12.194938  13.303569  14.412199  15.520830  16.629461  17.738092  18.846722  19.955353  21.063984  22.172615  23.281245  24.389876  25.498507  26.607137  27.715768  28.824399
0.95   6.535496   7.624746   8.713995   9.803244  10.892494  11.981743  13.070993  14.160242  15.249491  16.338741  17.427990  18.517240  19.606489  20.695738  21.784988  22.874237  23.963487  25.052736  26.141985  27.231235  28.320484
0.96   6.422427   7.492832   8.563236   9.633641  10.704045  11.774450  12.844855  13.915259  14.985664  16.056068  17.126473  18.196877  19.267282  20.337686  21.408091  22.478495  23.548900  24.619305  25.689709  26.760114  27.830518
0.97   6.312456   7.364532   8.416608   9.468684  10.520760  11.572836  12.624912  13.676988  14.729064  15.781140  16.833216  17.885292  18.937368  19.989444  21.041520  22.093596  23.145672  24.197748  25.249824  26.301900  27.353976
0.98   6.205467   7.239711   8.273956   9.308200  10.342445  11.376689  12.410934  13.445178  14.479423  15.513667  16.547912  17.582156  18.616400  19.650645  20.684889  21.719134  22.753378  23.787623  24.821867  25.856112  26.890356
0.99   6.101350   7.118241   8.135133   9.152025  10.168916  11.185808  12.202700  13.219591  14.236483  15.253375  16.270266  17.287158  18.304049  19.320941  20.337833  21.354724  22.371616  23.388508  24.405399  25.422291  26.439183
1.00   6.000000   7.000000   8.000000   9.000000  10.000000  11.000000  12.000000  13.000000  14.000000  15.000000  16.000000  17.000000  18.000000  19.000000  20.000000  21.000000  22.000000  23.000000  24.000000  25.000000  26.000000
1.01   5.901317   6.884870   7.868423   8.851976   9.835529  10.819082  11.802634  12.786187  13.769740  14.753293  15.736846  16.720399  17.703952  18.687505  19.671057  20.654610  21.638163  22.621716  23.605269  24.588822  25.572375
1.02   5.805206   6.772740   7.740275   8.707809   9.675343  10.642878  11.610412  12.577946  13.545481  14.513015  15.480549  16.448083  17.415618  18.383152  19.350686  20.318221  21.285755  22.253289  23.220824  24.188358  25.155892
1.03   5.711575   6.663504   7.615433   8.567362   9.519291  10.471221  11.423150  12.375079  13.327008  14.278937  15.230866  16.182796  17.134725  18.086654  19.038583  19.990512  20.942441  21.894370  22.846300  23.798229  24.750158
1.04   5.620337   6.557060   7.493783   8.430505   9.367228  10.303951  11.240674  12.177397  13.114120  14.050842  14.987565  15.924288  16.861011  17.797734  18.734456  19.671179  20.607902  21.544625  22.481348  23.418071  24.354793
1.05   5.531409   6.453310   7.375212   8.297113   9.219015  10.140916  11.062817  11.984719  12.906620  13.828522  14.750423  15.672325  16.594226  17.516128  18.438029  19.359931  20.281832  21.203734  22.125635  23.047536  23.969438
1.06   5.444711   6.352162   7.259614   8.167066   9.074518   9.981970  10.889421  11.796873  12.704325  13.611777  14.519229  15.426680  16.334132  17.241584  18.149036  19.056487  19.963939  20.871391  21.778843  22.686295  23.593746
1.07   5.360167   6.253528   7.146889   8.040250   8.933611   9.826972  10.720333  11.613694  12.507055  13.400416  14.293778  15.187139  16.080500  16.973861  17.867222  18.760583  19.653944  20.547305  21.440666  22.334027  23.227389
1.08   5.277704   6.157321   7.036938   7.916555   8.796173   9.675790  10.555407  11.435024  12.314642  13.194259  14.073876  14.953493  15.833111  16.712728  17.592345  18.471962  19.351580  20.231197  21.110814  21.990431  22.870049
1.09   5.197252   6.063460   6.929669   7.795878   8.662086   9.528295  10.394503  11.260712  12.126921  12.993129  13.859338  14.725547  15.591755  16.457964  17.324172  18.190381  19.056590  19.922798  20.789007  21.655216  22.521424
1.10   5.118744   5.971868   6.824992   7.678117   8.531241   9.384365  10.237489  11.090613  11.943737  12.796861  13.649985  14.503109  15.356233  16.209357  17.062481  17.915605  18.768729  19.621853  20.474977  21.328102  22.181226
1.11   5.042117   5.882470   6.722823   7.563176   8.403529   9.243882  10.084235  10.924588  11.764941  12.605293  13.445646  14.285999  15.126352  15.966705  16.807058  17.647411  18.487764  19.328117  20.168470  21.008822  21.849175
1.12   4.967309   5.795194   6.623079   7.450964   8.278849   9.106734   9.934619  10.762504  11.590389  12.418274  13.246158  14.074043  14.901928  15.729813  16.557698  17.385583  18.213468  19.041353  19.869238  20.697123  21.525007
1.13   4.894262   5.709972   6.525682   7.341392   8.157103   8.972813   9.788523  10.604233  11.419944  12.235654  13.051364  13.867075  14.682785  15.498495  16.314205  17.129916  17.945626  18.761336  19.577046  20.392757  21.208467
1.14   4.822917   5.626737   6.430557   7.234376   8.038196   8.842015   9.645835  10.449655  11.253474  12.057294  12.861113  13.664933  14.468752  15.272572  16.076392  16.880211  17.684031  18.487850  19.291670  20.095490  20.899309
1.15   4.753223   5.545427   6.337631   7.129834   7.922038   8.714242   9.506446  10.298650  11.090853  11.883057  12.675261  13.467465  14.259669  15.051873  15.844076  16.636280  17.428484  18.220688  19.012892  19.805096  20.597299
1.16   4.685126   5.465980   6.246835   7.027689   7.808543   8.589398   9.370252  10.151106  10.931960  11.712815  12.493669  13.274523  14.055378  14.836232  15.617086  16.397941  17.178795  17.959649  18.740504  19.521358  20.302212
1.17   4.618577   5.388339   6.158102   6.927865   7.697628   8.467390   9.237153  10.006916  10.776679  11.546441  12.316204  13.085967  13.855730  14.625492  15.395255  16.165018  16.934781  17.704543  18.474306  19.244069  20.013832
1.18   4.553527   5.312448   6.071369   6.830290   7.589211   8.348133   9.107054   9.865975  10.624896  11.383817  12.142738  12.901660  13.660581  14.419502  15.178423  15.937344  16.696265  17.455186  18.214108  18.973029  19.731950
1.19   4.489931   5.238253   5.986574   6.734896   7.483218   8.231540   8.979862   9.728183  10.476505  11.224827  11.973149  12.721471  13.469792  14.218114  14.966436  15.714758  16.463080  17.211401  17.959723  18.708045  19.456367
1.20   4.427744   5.165701   5.903659   6.641616   7.379573   8.117531   8.855488   9.593445  10.331403  11.069360  11.807317  12.545275  13.283232  14.021189  14.759147  15.497104  16.235061  16.973019  17.710976  18.448933  19.186891
1.21   4.366924   5.094745   5.822565   6.550386   7.278207   8.006027   8.733848   9.461669  10.189489  10.917310  11.645131  12.372951  13.100772  13.828593  14.556413  15.284234  16.012055  16.739875  17.467696  18.195517  18.923337
1.22   4.307430   5.025335   5.743240   6.461145   7.179050   7.896954   8.614859   9.332764  10.050669  10.768574  11.486479  12.204384  12.922289  13.640194  14.358099  15.076004  15.793909  16.511814  17.229719  17.947624  18.665529
1.23   4.249222   4.957425   5.665629   6.373833   7.082036   7.790240   8.498444   9.206647   9.914851  10.623054  11.331258  12.039462  12.747665  13.455869  14.164073  14.872276  15.580480  16.288683  16.996887  17.705091  18.413294
1.24   4.192262   4.890973   5.589683   6.288393   6.987104   7.685814   8.384524   9.083235   9.781945  10.480656  11.179366  11.878076  12.576787  13.275497  13.974207  14.672918  15.371628  16.070339  16.769049  17.467759  18.166470
1.25   4.136515   4.825934   5.515353   6.204772   6.894191   7.583610   8.273029   8.962448   9.651867  10.341287  11.030706  11.720125  12.409544  13.098963  13.788382  14.477801  15.167220  15.856639  16.546058  17.235478  17.924897
1.26   4.081944   4.762268   5.442592   6.122916   6.803239   7.483563   8.163887   8.844211   9.524535  10.204859  10.885183  11.565507  12.245831  12.926155  13.606479  14.286803  14.967127  15.647451  16.327775  17.008099  17.688423
1.27   4.028516   4.699935   5.371354   6.042773   6.714193   7.385612   8.057031   8.728450   9.399870  10.071289  10.742708  11.414128  12.085547  12.756966  13.428385  14.099805  14.771224  15.442643  16.114062  16.785482  17.456901
1.28   3.976198   4.638897   5.301597   5.964297   6.626996   7.289696   7.952395   8.615095   9.277795   9.940494  10.603194  11.265893  11.928593  12.591293  13.253992  13.916692  14.579391  15.242091  15.904791  16.567490  17.230190
1.29   3.924958   4.579118   5.233278   5.887438   6.541597   7.195757   7.849917   8.504077   9.158236   9.812396  10.466556  11.120716  11.774875  12.429035  13.083195  13.737355  14.391514  15.045674  15.699834  16.353994  17.008153
1.30   3.874768   4.520562   5.166357   5.812151   6.457946   7.103741   7.749535   8.395330   9.041124   9.686919  10.332714  10.978508  11.624303  12.270098  12.915892  13.561687  14.207481  14.853276  15.499071  16.144865  16.790660
1.31   3.825596   4.463195   5.100795   5.738394   6.375993   7.013592   7.651192   8.288791   8.926390   9.563990  10.201589  10.839188  11.476788  12.114387  12.751986  13.389586  14.027185  14.664784  15.302384  15.939983  16.577582
1.32   3.777415   4.406984   5.036553   5.666122   6.295692   6.925261   7.554830   8.184399   8.813968   9.443537  10.073107  10.702676  11.332245  11.961814  12.591383  13.220952  13.850522  14.480091  15.109660  15.739229  16.368798
1.33   3.730198   4.351897   4.973597   5.595297   6.216996   6.838696   7.460395   8.082095   8.703795   9.325494   9.947194  10.568893  11.190593  11.812293  12.433992  13.055692  13.677392  14.299091  14.920791  15.542490  16.164190
1.34   3.683918   4.297904   4.911890   5.525877   6.139863   6.753849   7.367835   7.981822   8.595808   9.209794   9.823781  10.437767  11.051753  11.665739  12.279726  12.893712  13.507698  14.121685  14.735671  15.349657  15.963643
1.35   3.638550   4.244975   4.851400   5.457824   6.064249   6.670674   7.277099   7.883524   8.489949   9.096374   9.702799  10.309224  10.915649  11.522074  12.128499  12.734924  13.341349  13.947774  14.554199  15.160623  15.767048
1.36   3.594069   4.193080   4.792092   5.391103   5.990115   6.589126   7.188138   7.787149   8.386161   8.985172   9.584184  10.183195  10.782207  11.381218  11.980230  12.579241  13.178253  13.777264  14.376276  14.975287  15.574299
1.37   3.550452   4.142194   4.733936   5.325678   5.917420   6.509162   7.100904   7.692646   8.284388   8.876130   9.467872  10.059614  10.651356  11.243098  11.834840  12.426582  13.018324  13.610066  14.201808  14.793550  15.385292
1.38   3.507676   4.092288   4.676901   5.261514   5.846126   6.430739   7.015351   7.599964   8.184577   8.769189   9.353802   9.938415  10.523027  11.107640  11.692252  12.276865  12.861478  13.446090  14.030703  14.615316  15.199928
1.39   3.465718   4.043338   4.620958   5.198577   5.776197   6.353817   6.931436   7.509056   8.086676   8.664296   9.241915   9.819535  10.397155  10.974774  11.552394  12.130014  12.707633  13.285253  13.862873  14.440493  15.018112
1.40   3.424558   3.995318   4.566077   5.136837   5.707597   6.278356   6.849116   7.419876   7.990635   8.561395   9.132155   9.702914  10.273674  10.844434  11.415193  11.985953  12.556713  13.127472  13.698232  14.268992  14.839751
1.41   3.384174   3.948203   4.512232   5.076262   5.640291   6.204320   6.768349   7.332378   7.896407   8.460436   9.024465   9.588494  10.152523  10.716552  11.280581  11.844610  12.408639  12.972668  13.536697  14.100726  14.664756
1.42   3.344547   3.901972   4.459396   5.016821   5.574246   6.131670   6.689095   7.246519   7.803944   8.361368   8.918793   9.476217  10.033642  10.591066  11.148491  11.705916  12.263340  12.820765  13.378189  13.935614  14.493038
1.43   3.305658   3.856600   4.407543   4.958486   5.509429   6.060372   6.611315   7.162258   7.713201   8.264144   8.815087   9.366030   9.916973  10.467915  11.018858  11.569801  12.120744  12.671687  13.222630  13.773573  14.324516
1.44   3.267486   3.812067   4.356648   4.901229   5.445810   5.990391   6.534972   7.079553   7.624134   8.168716   8.713297   9.257878   9.802459  10.347040  10.891621  11.436202  11.980783  12.525364  13.069945  13.614526  14.159107
1.45   3.230015   3.768351   4.306687   4.845023   5.383359   5.921695   6.460031   6.998366   7.536702   8.075038   8.613374   9.151710   9.690046  10.228382  10.766718  11.305054  11.843389  12.381725  12.920061  13.458397  13.996733
1.46   3.193227   3.725432   4.257636   4.789841   5.322045   5.854250   6.386454   6.918659   7.450864   7.983068   8.515273   9.047477   9.579682  10.111886  10.644091  11.176295  11.708500  12.240704  12.772909  13.305113  13.837318
1.47   3.157105   3.683289   4.209473   4.735657   5.261842   5.788026   6.314210   6.840394   7.366578   7.892762   8.418947   8.945131   9.471315   9.997499  10.523683  11.049867  11.576052  12.102236  12.628420  13.154604  13.680788
1.48   3.121632   3.641904   4.162176   4.682448   5.202720   5.722992   6.243264   6.763536   7.283808   7.804080   8.324352   8.844624   9.364896   9.885168  10.405440  10.925713  11.445985  11.966257  12.486529  13.006801  13.527073
1.49   3.086793   3.601258   4.115724   4.630189   5.144655   5.659120   6.173585   6.688051   7.202516   7.716982   8.231447   8.745913   9.260378   9.774844  10.289309  10.803775  11.318240  11.832705  12.347171  12.861636  13.376102
1.50   3.052571   3.561333   4.070095   4.578857   5.087619   5.596381   6.105143   6.613905   7.122666   7.631428   8.140190   8.648952   9.157714   9.666476  10.175238  10.684000  11.192761  11.701523  12.210285  12.719047  13.227809
1.51   3.018953   3.522112   4.025271   4.528429   5.031588   5.534747   6.037906   6.541065   7.044223   7.547382   8.050541   8.553700   9.056859   9.560018  10.063176  10.566335  11.069494  11.572653  12.075812  12.578970  13.082129
1.52   2.985923   3.483577   3.981231   4.478884   4.976538   5.474192   5.971846   6.469500   6.967154   7.464807   7.962461   8.460115   8.957769   9.455423   9.953077  10.450730  10.948384  11.446038  11.943692  12.441346  12.939000
1.53   2.953468   3.445712   3.937957   4.430201   4.922446   5.414690   5.906935   6.399180   6.891424   7.383669   7.875913   8.368158   8.860403   9.352647   9.844892  10.337136  10.829381  11.321625  11.813870  12.306115  12.798359
1.54   2.921573   3.408502   3.895430   4.382359   4.869288   5.356217   5.843146   6.330074   6.817003   7.303932   7.790861   8.277790   8.764718   9.251647   9.738576  10.225505  10.712434  11.199362  11.686291  12.173220  12.660149
1.55   2.890226   3.371930   3.853634   4.335338   4.817043   5.298747   5.780451   6.262156   6.743860   7.225564   7.707268   8.188973   8.670677   9.152381   9.634086  10.115790  10.597494  11.079198  11.560903  12.042607  12.524311
1.56   2.859413   3.335982   3.812551   4.289120   4.765689   5.242258   5.718826   6.195395   6.671964   7.148533   7.625102   8.101671   8.578240   9.054809   9.531377  10.007946  10.484515  10.961084  11.437653  11.914222  12.390791
1.57   2.829123   3.300644   3.772164   4.243685   4.715205   5.186726   5.658246   6.129767   6.601287   7.072808   7.544328   8.015849   8.487369   8.958890   9.430410   9.901931  10.373451  10.844972  11.316492  11.788013  12.259533
1.58   2.799343   3.265900   3.732457   4.199014   4.665572   5.132129   5.598686   6.065243   6.531800   6.998357   7.464914   7.931472   8.398029   8.864586   9.331143   9.797700  10.264257  10.730815  11.197372  11.663929  12.130486
1.59   2.770061   3.231738   3.693415   4.155092   4.616769   5.078446   5.540123   6.001799   6.463476   6.925153   7.386830   7.848507   8.310184   8.771861   9.233538   9.695214  10.156891  10.618568  11.080245  11.541922  12.003599
1.60   2.741267   3.198144   3.655022   4.111900   4.568778   5.025655   5.482533   5.939411   6.396289   6.853167   7.310044   7.766922   8.223800   8.680678   9.137555   9.594433  10.051311  10.508189  10.965067  11.421944  11.878822
1.61   2.712948   3.165106   3.617264   4.069422   4.521580   4.973738   5.425896   5.878054   6.330212   6.782370   7.234528   7.686686   8.138844   8.591002   9.043160   9.495318   9.947476  10.399634  10.851792  11.303950  11.756108
1.62   2.685094   3.132610   3.580126   4.027642   4.475157   4.922673   5.370189   5.817705   6.265220   6.712736   7.160252   7.607767   8.055283   8.502799   8.950315   9.397830   9.845346  10.292862  10.740378  11.187893  11.635409
1.63   2.657696   3.100645   3.543594   3.986543   4.429493   4.872442   5.315391   5.758341   6.201290   6.644239   7.087188   7.530138   7.973087   8.416036   8.858985   9.301935   9.744884  10.187833  10.630783  11.073732  11.516681
1.64   2.630741   3.069198   3.507655   3.946112   4.384569   4.823026   5.261483   5.699940   6.138397   6.576854   7.015311   7.453767   7.892224   8.330681   8.769138   9.207595   9.646052  10.084509  10.522966  10.961423  11.399880
1.65   2.604222   3.038259   3.472296   3.906333   4.340370   4.774407   5.208444   5.642481   6.076518   6.510555   6.944592   7.378629   7.812666   8.246703   8.680740   9.114777   9.548814   9.982851  10.416888  10.850925  11.284962
1.66   2.578128   3.007816   3.437504   3.867192   4.296880   4.726568   5.156256   5.585944   6.015631   6.445319   6.875007   7.304695   7.734383   8.164071   8.593759   9.023447   9.453135   9.882823  10.312511  10.742199  11.171887
1.67   2.552449   2.977858   3.403266   3.828674   4.254082   4.679490   5.104899   5.530307   5.955715   6.381123   6.806532   7.231940   7.657348   8.082756   8.508164   8.933573   9.358981   9.784389  10.209797  10.635206  11.060614
1.68   2.527178   2.948374   3.369570   3.790767   4.211963   4.633159   5.054355   5.475552   5.896748   6.317944   6.739141   7.160337   7.581533   8.002729   8.423926   8.845122   9.266318   9.687515  10.108711  10.529907  10.951103
1.69   2.502304   2.919355   3.336405   3.753456   4.170507   4.587557   5.004608   5.421659   5.838709   6.255760   6.672811   7.089861   7.506912   7.923963   8.341013   8.758064   9.175115   9.592165  10.009216  10.426267  10.843317
1.70   2.477820   2.890790   3.303760   3.716730   4.129700   4.542670   4.955640   5.368610   5.781579   6.194549   6.607519   7.020489   7.433459   7.846429   8.259399   8.672369   9.085339   9.498309   9.911279  10.324249  10.737219
1.71   2.453717   2.862669   3.271622   3.680575   4.089528   4.498480   4.907433   5.316386   5.725339   6.134291   6.543244   6.952197   7.361150   7.770103   8.179055   8.588008   8.996961   9.405914   9.814866  10.223819  10.632772
1.72   2.429986   2.834984   3.239982   3.644980   4.049977   4.454975   4.859973   5.264970   5.669968   6.074966   6.479964   6.884961   7.289959   7.694957   8.099955   8.504952   8.909950   9.314948   9.719946  10.124943  10.529941
1.73   2.406621   2.807725   3.208828   3.609932   4.011035   4.412139   4.813242   5.214346   5.615450   6.016553   6.417657   6.818760   7.219864   7.620967   8.022071   8.423174   8.824278   9.225381   9.626485  10.027588  10.428692
1.74   2.383614   2.780882   3.178151   3.575420   3.972689   4.369958   4.767227   5.164496   5.561765   5.959034   6.356303   6.753572   7.150841   7.548109   7.945378   8.342647   8.739916   9.137185   9.534454   9.931723  10.328992
1.75   2.360956   2.754448   3.147941   3.541434   3.934926   4.328419   4.721911   5.115404   5.508897   5.902389   6.295882   6.689374   7.082867   7.476360   7.869852   8.263345   8.656838   9.050330   9.443823   9.837315  10.230808
1.76   2.338641   2.728414   3.118187   3.507961   3.897734   4.287508   4.677281   5.067054   5.456828   5.846601   6.236375   6.626148   7.015922   7.405695   7.795468   8.185242   8.575015   8.964789   9.354562   9.744336  10.134109
1.77   2.316661   2.702771   3.088881   3.474991   3.861102   4.247212   4.633322   5.019432   5.405542   5.791652   6.177762   6.563873   6.949983   7.336093   7.722203   8.108313   8.494423   8.880534   9.266644   9.652754  10.038864
1.78   2.295010   2.677512   3.060013   3.442515   3.825017   4.207518   4.590020   4.972522   5.355023   5.737525   6.120027   6.502528   6.885030   7.267532   7.650033   8.032535   8.415037   8.797538   9.180040   9.562542   9.945043
1.79   2.273681   2.652628   3.031575   3.410521   3.789468   4.168415   4.547362   4.926309   5.305256   5.684202   6.063149   6.442096   6.821043   7.199990   7.578937   7.957883   8.336830   8.715777   9.094724   9.473671   9.852618
1.80   2.252667   2.628112   3.003557   3.379001   3.754446   4.129890   4.505335   4.880779   5.256224   5.631669   6.007113   6.382558   6.758002   7.133447   7.508891   7.884336   8.259780   8.635225   9.010670   9.386114   9.761559
1.81   2.231963   2.603957   2.975950   3.347944   3.719938   4.091932   4.463926   4.835919   5.207913   5.579907   5.951901   6.323895   6.695889   7.067882   7.439876   7.811870   8.183864   8.555858   8.927851   9.299845   9.671839
1.82   2.211561   2.580155   2.948748   3.317342   3.685935   4.054529   4.423122   4.791716   5.160309   5.528903   5.897496   6.266090   6.634683   7.003277   7.371870   7.740464   8.109057   8.477651   8.846244   9.214838   9.583431
1.83   2.191456   2.556699   2.921941   3.287184   3.652427   4.017669   4.382912   4.748155   5.113397   5.478640   5.843883   6.209126   6.574368   6.939611   7.304854   7.670096   8.035339   8.400582   8.765824   9.131067   9.496310
1.84   2.171642   2.533582   2.895523   3.257463   3.619403   3.981343   4.343284   4.705224   5.067164   5.429105   5.791045   6.152985   6.514926   6.876866   7.238806   7.600747   7.962687   8.324627   8.686568   9.048508   9.410448
1.85   2.152113   2.510798   2.869484   3.228169   3.586855   3.945540   4.304226   4.662911   5.021597   5.380282   5.738968   6.097653   6.456338   6.815024   7.173709   7.532395   7.891080   8.249766   8.608451   8.967137   9.325822
1.86   2.132863   2.488340   2.843818   3.199295   3.554772   3.910249   4.265726   4.621204   4.976681   5.332158   5.687635   6.043113   6.398590   6.754067   7.109544   7.465021   7.820499   8.175976   8.531453   8.886930   9.242407
1.87   2.113888   2.466202   2.818517   3.170832   3.523146   3.875461   4.227775   4.580090   4.932405   5.284719   5.637034   5.989348   6.341663   6.693978   7.046292   7.398607   7.750921   8.103236   8.455551   8.807865   9.160180
1.88   2.095181   2.444378   2.793574   3.142771   3.491968   3.841165   4.190362   4.539558   4.888755   5.237952   5.587149   5.936346   6.285542   6.634739   6.983936   7.333133   7.682330   8.031526   8.380723   8.729920   9.079117
1.89   2.076737   2.422860   2.768983   3.115106   3.461229   3.807352   4.153475   4.499598   4.845721   5.191843   5.537966   5.884089   6.230212   6.576335   6.922458   7.268581   7.614704   7.960827   8.306949   8.653072   8.999195
1.90   2.058552   2.401644   2.744736   3.087829   3.430921   3.774013   4.117105   4.460197   4.803289   5.146381   5.489473   5.832565   6.175657   6.518749   6.861841   7.204933   7.548025   7.891117   8.234209   8.577301   8.920394
1.91   2.040621   2.380724   2.720828   3.060931   3.401035   3.741138   4.081242   4.421345   4.761448   5.101552   5.441655   5.781759   6.121862   6.461966   6.802069   7.142173   7.482276   7.822380   8.162483   8.502587   8.842690
1.92   2.022938   2.360094   2.697250   3.034407   3.371563   3.708719   4.045876   4.383032   4.720188   5.057345   5.394501   5.731657   6.068813   6.405970   6.743126   7.080282   7.417439   7.754595   8.091751   8.428908   8.766064
1.93   2.005499   2.339749   2.673998   3.008248   3.342498   3.676748   4.010998   4.345247   4.679497   5.013747   5.347997   5.682247   6.016496   6.350746   6.684996   7.019246   7.353496   7.687745   8.021995   8.356245   8.690495
1.94   1.988299   2.319682   2.651065   2.982449   3.313832   3.645215   3.976598   4.307981   4.639364   4.970748   5.302131   5.633514   5.964897   6.296280   6.627663   6.959047   7.290430   7.621813   7.953196   8.284579   8.615962
1.95   1.971334   2.299890   2.628445   2.957001   3.285557   3.614112   3.942668   4.271224   4.599780   4.928335   5.256891   5.585447   5.914002   6.242558   6.571114   6.899669   7.228225   7.556781   7.885336   8.213892   8.542448
1.96   1.954600   2.280366   2.606133   2.931899   3.257666   3.583433   3.909199   4.234966   4.560732   4.886499   5.212266   5.538032   5.863799   6.189565   6.515332   6.841098   7.166865   7.492632   7.818398   8.144165   8.469931
1.97   1.938091   2.261106   2.584122   2.907137   3.230152   3.553167   3.876182   4.199198   4.522213   4.845228   5.168243   5.491258   5.814274   6.137289   6.460304   6.783319   7.106334   7.429350   7.752365   8.075380   8.398395
1.98   1.921805   2.242106   2.562406   2.882707   3.203008   3.523309   3.843610   4.163910   4.484211   4.804512   5.124813   5.445114   5.765414   6.085715   6.406016   6.726317   7.046617   7.366918   7.687219   8.007520   8.327821
1.99   1.905736   2.223359   2.540982   2.858604   3.176227   3.493850   3.811472   4.129095   4.446718   4.764341   5.081963   5.399586   5.717209   6.034831   6.352454   6.670077   6.987699   7.305322   7.622945   7.940568   8.258190
2.00   1.889882   2.204862   2.519842   2.834822   3.149803   3.464783   3.779763   4.094743   4.409724   4.724704   5.039684   5.354664   5.669645   5.984625   6.299605   6.614586   6.929566   7.244546   7.559526   7.874507   8.189487
