   V
0.10  60.000000  70.000000  80.000000  90.000000 100.000000 110.000000 120.000000 130.000000 140.000000 150.000000 160.000000 170.000000 180.000000 190.000000 200.000000 210.000000 220.000000 230.000000 240.000000 250.000000 260.000000
0.11  54.545455  63.636364  72.727273  81.818182  90.909091 100.000000 109.090909 118.181818 127.272727 136.363636 145.454545 154.545455 163.636364 172.727273 181.818182 190.909091 200.000000 209.090909 218.181818 227.272727 236.363636
0.12  50.000000  58.333333  66.666667  75.000000  83.333333  91.666667 100.000000 108.333333 116.666667 125.000000 133.333333 141.666667 150.000000 158.333333 166.666667 175.000000 183.333333 191.666667 200.000000 208.333333 216.666667
0.13  46.153846  53.846154  61.538462  69.230769  76.923077  84.615385  92.307692 100.000000 107.692308 115.384615 123.076923 130.769231 138.461538 146.153846 153.846154 161.538462 169.230769 176.923077 184.615385 192.307692 200.000000
0.14  42.857143  50.000000  57.142857  64.285714  71.428571  78.571429  85.714286  92.857143 100.000000 107.142857 114.285714 121.428571 128.571429 135.714286 142.857143 150.000000 157.142857 164.285714 171.428571 178.571429 185.714286
0.15  40.000000  46.666667  53.333333  60.000000  66.666667  73.333333  80.000000  86.666667  93.333333 100.000000 106.666667 113.333333 120.000000 126.666667 133.333333 140.000000 146.666667 153.333333 160.000000 166.666667 173.333333
0.16  37.500000  43.750000  50.000000  56.250000  62.500000  68.750000  75.000000  81.250000  87.500000  93.750000 100.000000 106.250000 112.500000 118.750000 125.000000 131.250000 137.500000 143.750000 150.000000 156.250000 162.500000
0.17  35.294118  41.176471  47.058824  52.941176  58.823529  64.705882  70.588235  76.470588  82.352941  88.235294  94.117647 100.000000 105.882353 111.764706 117.647059 123.529412 129.411765 135.294118 141.176471 147.058824 152.941176
0.18  33.333333  38.888889  44.444444  50.000000  55.555556  61.111111  66.666667  72.222222  77.777778  83.333333  88.888889  94.444444 100.000000 105.555556 111.111111 116.666667 122.222222 127.777778 133.333333 138.888889 144.444444
0.19  31.578947  36.842105  42.105263  47.368421  52.631579  57.894737  63.157895  68.421053  73.684211  78.947368  84.210526  89.473684  94.736842 100.000000 105.263158 110.526316 115.789474 121.052632 126.315789 131.578947 136.842105
0.20  30.000000  35.000000  40.000000  45.000000  50.000000  55.000000  60.000000  65.000000  70.000000  75.000000  80.000000  85.000000  90.000000  95.000000 100.000000 105.000000 110.000000 115.000000 120.000000 125.000000 130.000000
0.21  28.571429  33.333333  38.095238  42.857143  47.619048  52.380952  57.142857  61.904762  66.666667  71.428571  76.190476  80.952381  85.714286  90.476190  95.238095 100.000000 104.761905 109.523810 114.285714 119.047619 123.809524
0.22  27.272727  31.818182  36.363636  40.909091  45.454545  50.000000  54.545455  59.090909  63.636364  68.181818  72.727273  77.272727  81.818182  86.363636  90.909091  95.454545 100.000000 104.545455 109.090909 113.636364 118.181818
0.23  26.086957  30.434783  34.782609  39.130435  43.478261  47.826087  52.173913  56.521739  60.869565  65.217391  69.565217  73.913043  78.260870  82.608696  86.956522  91.304348  95.652174 100.000000 104.347826 108.695652 113.043478
0.24  25.000000  29.166667  33.333333  37.500000  41.666667  45.833333  50.000000  54.166667  58.333333  62.500000  66.666667  70.833333  75.000000  79.166667  83.333333  87.500000  91.666667  95.833333 100.000000 104.166667 108.333333
0.25  24.000000  28.000000  32.000000  36.000000  40.000000  44.000000  48.000000  52.000000  56.000000  60.000000  64.000000  68.000000  72.000000  76.000000  80.000000  84.000000  88.000000  92.000000  96.000000 100.000000 104.000000
0.26  23.076923  26.923077  30.769231  34.615385  38.461538  42.307692  46.153846  50.000000  53.846154  57.692308  61.538462  65.384615  69.230769  73.076923  76.923077  80.769231  84.615385  88.461538  92.307692  96.153846 100.000000
0.27  22.222222  25.925926  29.629630  33.333333  37.037037  40.740741  44.444444  48.148148  51.851852  55.555556  59.259259  62.962963  66.666667  70.370370  74.074074  77.777778  81.481481  85.185185  88.888889  92.592593  96.296296
0.28  21.428571  25.000000  28.571429  32.142857  35.714286  39.285714  42.857143  46.428571  50.000000  53.571429  57.142857  60.714286  64.285714  67.857143  71.428571  75.000000  78.571429  82.142857  85.714286  89.285714  92.857143
0.29  20.689655  24.137931  27.586207  31.034483  34.482759  37.931034  41.379310  44.827586  48.275862  51.724138  55.172414  58.620690  62.068966  65.517241  68.965517  72.413793  75.862069  79.310345  82.758621  86.206897  89.655172
0.30  20.000000  23.333333  26.666667  30.000000  33.333333  36.666667  40.000000  43.333333  46.666667  50.000000  53.333333  56.666667  60.000000  63.333333  66.666667  70.000000  73.333333  76.666667  80.000000  83.333333  86.666667
0.31  19.354839  22.580645  25.806452  29.032258  32.258065  35.483871  38.709677  41.935484  45.161290  48.387097  51.612903  54.838710  58.064516  61.290323  64.516129  67.741935  70.967742  74.193548  77.419355  80.645161  83.870968
0.32  18.750000  21.875000  25.000000  28.125000  31.250000  34.375000  37.500000  40.625000  43.750000  46.875000  50.000000  53.125000  56.250000  59.375000  62.500000  65.625000  68.750000  71.875000  75.000000  78.125000  81.250000
0.33  18.181818  21.212121  24.242424  27.272727  30.303030  33.333333  36.363636  39.393939  42.424242  45.454545  48.484848  51.515152  54.545455  57.575758  60.606061  63.636364  66.666667  69.696970  72.727273  75.757576  78.787879
0.34  17.647059  20.588235  23.529412  26.470588  29.411765  32.352941  35.294118  38.235294  41.176471  44.117647  47.058824  50.000000  52.941176  55.882353  58.823529  61.764706  64.705882  67.647059  70.588235  73.529412  76.470588
0.35  17.142857  20.000000  22.857143  25.714286  28.571429  31.428571  34.285714  37.142857  40.000000  42.857143  45.714286  48.571429  51.428571  54.285714  57.142857  60.000000  62.857143  65.714286  68.571429  71.428571  74.285714
0.36  16.666667  19.444444  22.222222  25.000000  27.777778  30.555556  33.333333  36.111111  38.888889  41.666667  44.444444  47.222222  50.000000  52.777778  55.555556  58.333333  61.111111  63.888889  66.666667  69.444444  72.222222
0.37  16.216216  18.918919  21.621622  24.324324  27.027027  29.729730  32.432432  35.135135  37.837838  40.540541  43.243243  45.945946  48.648649  51.351351  54.054054  56.756757  59.459459  62.162162  64.864865  67.567568  70.270270
0.38  15.789474  18.421053  21.052632  23.684211  26.315789  28.947368  31.578947  34.210526  36.842105  39.473684  42.105263  44.736842  47.368421  50.000000  52.631579  55.263158  57.894737  60.526316  63.157895  65.789474  68.421053
0.39  15.384615  17.948718  20.512821  23.076923  25.641026  28.205128  30.769231  33.333333  35.897436  38.461538  41.025641  43.589744  46.153846  48.717949  51.282051  53.846154  56.410256  58.974359  61.538462  64.102564  66.666667
0.40  15.000000  17.500000  20.000000  22.500000  25.000000  27.500000  30.000000  32.500000  35.000000  37.500000  40.000000  42.500000  45.000000  47.500000  50.000000  52.500000  55.000000  57.500000  60.000000  62.500000  65.000000
0.41  14.634146  17.073171  19.512195  21.951220  24.390244  26.829268  29.268293  31.707317  34.146341  36.585366  39.024390  41.463415  43.902439  46.341463  48.780488  51.219512  53.658537  56.097561  58.536585  60.975610  63.414634
0.42  14.285714  16.666667  19.047619  21.428571  23.809524  26.190476  28.571429  30.952381  33.333333  35.714286  38.095238  40.476190  42.857143  45.238095  47.619048  50.000000  52.380952  54.761905  57.142857  59.523810  61.904762
0.43  13.953488  16.279070  18.604651  20.930233  23.255814  25.581395  27.906977  30.232558  32.558140  34.883721  37.209302  39.534884  41.860465  44.186047  46.511628  48.837209  51.162791  53.488372  55.813953  58.139535  60.465116
0.44  13.636364  15.909091  18.181818  20.454545  22.727273  25.000000  27.272727  29.545455  31.818182  34.090909  36.363636  38.636364  40.909091  43.181818  45.454545  47.727273  50.000000  52.272727  54.545455  56.818182  59.090909
0.45  13.333333  15.555556  17.777778  20.000000  22.222222  24.444444  26.666667  28.888889  31.111111  33.333333  35.555556  37.777778  40.000000  42.222222  44.444444  46.666667  48.888889  51.111111  53.333333  55.555556  57.777778
0.46  13.043478  15.217391  17.391304  19.565217  21.739130  23.913043  26.086957  28.260870  30.434783  32.608696  34.782609  36.956522  39.130435  41.304348  43.478261  45.652174  47.826087  50.000000  52.173913  54.347826  56.521739
0.47  12.765957  14.893617  17.021277  19.148936  21.276596  23.404255  25.531915  27.659574  29.787234  31.914894  34.042553  36.170213  38.297872  40.425532  42.553191  44.680851  46.808511  48.936170  51.063830  53.191489  55.319149
0.48  12.500000  14.583333  16.666667  18.750000  20.833333  22.916667  25.000000  27.083333  29.166667  31.250000  33.333333  35.416667  37.500000  39.583333  41.666667  43.750000  45.833333  47.916667  50.000000  52.083333  54.166667
0.49  12.244898  14.285714  16.326531  18.367347  20.408163  22.448980  24.489796  26.530612  28.571429  30.612245  32.653061  34.693878  36.734694  38.775510  40.816327  42.857143  44.897959  46.938776  48.979592  51.020408  53.061224
0.50  12.000000  14.000000  16.000000  18.000000  20.000000  22.000000  24.000000  26.000000  28.000000  30.000000  32.000000  34.000000  36.000000  38.000000  40.000000  42.000000  44.000000  46.000000  48.000000  50.000000  52.000000
0.51  11.764706  13.725490  15.686275  17.647059  19.607843  21.568627  23.529412  25.490196  27.450980  29.411765  31.372549  33.333333  35.294118  37.254902  39.215686  41.176471  43.137255  45.098039  47.058824  49.019608  50.980392
0.52  11.538462  13.461538  15.384615  17.307692  19.230769  21.153846  23.076923  25.000000  26.923077  28.846154  30.769231  32.692308  34.615385  36.538462  38.461538  40.384615  42.307692  44.230769  46.153846  48.076923  50.000000
0.53  11.320755  13.207547  15.094340  16.981132  18.867925  20.754717  22.641509  24.528302  26.415094  28.301887  30.188679  32.075472  33.962264  35.849057  37.735849  39.622642  41.509434  43.396226  45.283019  47.169811  49.056604
0.54  11.111111  12.962963  14.814815  16.666667  18.518519  20.370370  22.222222  24.074074  25.925926  27.777778  29.629630  31.481481  33.333333  35.185185  37.037037  38.888889  40.740741  42.592593  44.444444  46.296296  48.148148
0.55  10.909091  12.727273  14.545455  16.363636  18.181818  20.000000  21.818182  23.636364  25.454545  27.272727  29.090909  30.909091  32.727273  34.545455  36.363636  38.181818  40.000000  41.818182  43.636364  45.454545  47.272727
0.56  10.714286  12.500000  14.285714  16.071429  17.857143  19.642857  21.428571  23.214286  25.000000  26.785714  28.571429  30.357143  32.142857  33.928571  35.714286  37.500000  39.285714  41.071429  42.857143  44.642857  46.428571
0.57  10.526316  12.280702  14.035088  15.789474  17.543860  19.298246  21.052632  22.807018  24.561404  26.315789  28.070175  29.824561  31.578947  33.333333  35.087719  36.842105  38.596491  40.350877  42.105263  43.859649  45.614035
0.58  10.344828  12.068966  13.793103  15.517241  17.241379  18.965517  20.689655  22.413793  24.137931  25.862069  27.586207  29.310345  31.034483  32.758621  34.482759  36.206897  37.931034  39.655172  41.379310  43.103448  44.827586
0.59  10.169492  11.864407  13.559322  15.254237  16.949153  18.644068  20.338983  22.033898  23.728814  25.423729  27.118644  28.813559  30.508475  32.203390  33.898305  35.593220  37.288136  38.983051  40.677966  42.372881  44.067797
0.60  10.000000  11.666667  13.333333  15.000000  16.666667  18.333333  20.000000  21.666667  23.333333  25.000000  26.666667  28.333333  30.000000  31.666667  33.333333  35.000000  36.666667  38.333333  40.000000  41.666667  43.333333
0.61   9.836066  11.475410  13.114754  14.754098  16.393443  18.032787  19.672131  21.311475  22.950820  24.590164  26.229508  27.868852  29.508197  31.147541  32.786885  34.426230  36.065574  37.704918  39.344262  40.983607  42.622951
0.62   9.677419  11.290323  12.903226  14.516129  16.129032  17.741935  19.354839  20.967742  22.580645  24.193548  25.806452  27.419355  29.032258  30.645161  32.258065  33.870968  35.483871  37.096774  38.709677  40.322581  41.935484
0.63   9.523810  11.111111  12.698413  14.285714  15.873016  17.460317  19.047619  20.634921  22.222222  23.809524  25.396825  26.984127  28.571429  30.158730  31.746032  33.333333  34.920635  36.507937  38.095238  39.682540  41.269841
0.64   9.375000  10.937500  12.500000  14.062500  15.625000  17.187500  18.750000  20.312500  21.875000  23.437500  25.000000  26.562500  28.125000  29.687500  31.250000  32.812500  34.375000  35.937500  37.500000  39.062500  40.625000
0.65   9.230769  10.769231  12.307692  13.846154  15.384615  16.923077  18.461538  20.000000  21.538462  23.076923  24.615385  26.153846  27.692308  29.230769  30.769231  32.307692  33.846154  35.384615  36.923077  38.461538  40.000000
0.66   9.090909  10.606061  12.121212  13.636364  15.151515  16.666667  18.181818  19.696970  21.212121  22.727273  24.242424  25.757576  27.272727  28.787879  30.303030  31.818182  33.333333  34.848485  36.363636  37.878788  39.393939
0.67   8.955224  10.447761  11.940299  13.432836  14.925373  16.417910  17.910448  19.402985  20.895522  22.388060  23.880597  25.373134  26.865672  28.358209  29.850746  31.343284  32.835821  34.328358  35.820896  37.313433  38.805970
0.68   8.823529  10.294118  11.764706  13.235294  14.705882  16.176471  17.647059  19.117647  20.588235  22.058824  23.529412  25.000000  26.470588  27.941176  29.411765  30.882353  32.352941  33.823529  35.294118  36.764706  38.235294
0.69   8.695652  10.144928  11.594203  13.043478  14.492754  15.942029  17.391304  18.840580  20.289855  21.739130  23.188406  24.637681  26.086957  27.536232  28.985507  30.434783  31.884058  33.333333  34.782609  36.231884  37.681159
0.70   8.571429  10.000000  11.428571  12.857143  14.285714  15.714286  17.142857  18.571429  20.000000  21.428571  22.857143  24.285714  25.714286  27.142857  28.571429  30.000000  31.428571  32.857143  34.285714  35.714286  37.142857
0.71   8.450704   9.859155  11.267606  12.676056  14.084507  15.492958  16.901408  18.309859  19.718310  21.126761  22.535211  23.943662  25.352113  26.760563  28.169014  29.577465  30.985915  32.394366  33.802817  35.211268  36.619718
0.72   8.333333   9.722222  11.111111  12.500000  13.888889  15.277778  16.666667  18.055556  19.444444  20.833333  22.222222  23.611111  25.000000  26.388889  27.777778  29.166667  30.555556  31.944444  33.333333  34.722222  36.111111
0.73   8.219178   9.589041  10.958904  12.328767  13.698630  15.068493  16.438356  17.808219  19.178082  20.547945  21.917808  23.287671  24.657534  26.027397  27.397260  28.767123  30.136986  31.506849  32.876712  34.246575  35.616438
0.74   8.108108   9.459459  10.810811  12.162162  13.513514  14.864865  16.216216  17.567568  18.918919  20.270270  21.621622  22.972973  24.324324  25.675676  27.027027  28.378378  29.729730  31.081081  32.432432  33.783784  35.135135
0.75   8.000000   9.333333  10.666667  12.000000  13.333333  14.666667  16.000000  17.333333  18.666667  20.000000  21.333333  22.666667  24.000000  25.333333  26.666667  28.000000  29.333333  30.666667  32.000000  33.333333  34.666667
0.76   7.894737   9.210526  10.526316  11.842105  13.157895  14.473684  15.789474  17.105263  18.421053  19.736842  21.052632  22.368421  23.684211  25.000000  26.315789  27.631579  28.947368  30.263158  31.578947  32.894737  34.210526
0.77   7.792208   9.090909  10.389610  11.688312  12.987013  14.285714  15.584416  16.883117  18.181818  19.480519  20.779221  22.077922  23.376623  24.675325  25.974026  27.272727  28.571429  29.870130  31.168831  32.467532  33.766234
0.78   7.692308   8.974359  10.256410  11.538462  12.820513  14.102564  15.384615  16.666667  17.948718  19.230769  20.512821  21.794872  23.076923  24.358974  25.641026  26.923077  28.205128  29.487179  30.769231  32.051282  33.333333
0.79   7.594937   8.860759  10.126582  11.392405  12.658228  13.924051  15.189873  16.455696  17.721519  18.987342  20.253165  21.518987  22.784810  24.050633  25.316456  26.582278  27.848101  29.113924  30.379747  31.645570  32.911392
0.80   7.500000   8.750000  10.000000  11.250000  12.500000  13.750000  15.000000  16.250000  17.500000  18.750000  20.000000  21.250000  22.500000  23.750000  25.000000  26.250000  27.500000  28.750000  30.000000  31.250000  32.500000
0.81   7.407407   8.641975   9.876543  11.111111  12.345679  13.580247  14.814815  16.049383  17.283951  18.518519  19.753086  20.987654  22.222222  23.456790  24.691358  25.925926  27.160494  28.395062  29.629630  30.864198  32.098765
0.82   7.317073   8.536585   9.756098  10.975610  12.195122  13.414634  14.634146  15.853659  17.073171  18.292683  19.512195  20.731707  21.951220  23.170732  24.390244  25.609756  26.829268  28.048780  29.268293  30.487805  31.707317
0.83   7.228916   8.433735   9.638554  10.843373  12.048193  13.253012  14.457831  15.662651  16.867470  18.072289  19.277108  20.481928  21.686747  22.891566  24.096386  25.301205  26.506024  27.710843  28.915663  30.120482  31.325301
0.84   7.142857   8.333333   9.523810  10.714286  11.904762  13.095238  14.285714  15.476190  16.666667  17.857143  19.047619  20.238095  21.428571  22.619048  23.809524  25.000000  26.190476  27.380952  28.571429  29.761905  30.952381
0.85   7.058824   8.235294   9.411765  10.588235  11.764706  12.941176  14.117647  15.294118  16.470588  17.647059  18.823529  20.000000  21.176471  22.352941  23.529412  24.705882  25.882353  27.058824  28.235294  29.411765  30.588235
0.86   6.976744   8.139535   9.302326  10.465116  11.627907  12.790698  13.953488  15.116279  16.279070  17.441860  18.604651  19.767442  20.930233  22.093023  23.255814  24.418605  25.581395  26.744186  27.906977  29.069767  30.232558
0.87   6.896552   8.045977   9.195402  10.344828  11.494253  12.643678  13.793103  14.942529  16.091954  17.241379  18.390805  19.540230  20.689655  21.839080  22.988506  24.137931  25.287356  26.436782  27.586207  28.735632  29.885057
0.88   6.818182   7.954545   9.090909  10.227273  11.363636  12.500000  13.636364  14.772727  15.909091  17.045455  18.181818  19.318182  20.454545  21.590909  22.727273  23.863636  25.000000  26.136364  27.272727  28.409091  29.545455
0.89   6.741573   7.865169   8.988764  10.112360  11.235955  12.359551  13.483146  14.606742  15.730337  16.853933  17.977528  19.101124  20.224719  21.348315  22.471910  23.595506  24.719101  25.842697  26.966292  28.089888  29.213483
0.90   6.666667   7.777778   8.888889  10.000000  11.111111  12.222222  13.333333  14.444444  15.555556  16.666667  17.777778  18.888889  20.000000  21.111111  22.222222  23.333333  24.444444  25.555556  26.666667  27.777778  28.888889
0.91   6.593407   7.692308   8.791209   9.890110  10.989011  12.087912  13.186813  14.285714  15.384615  16.483516  17.582418  18.681319  19.780220  20.879121  21.978022  23.076923  24.175824  25.274725  26.373626  27.472527  28.571429
0.92   6.521739   7.608696   8.695652   9.782609  10.869565  11.956522  13.043478  14.130435  15.217391  16.304348  17.391304  18.478261  19.565217  20.652174  21.739130  22.826087  23.913043  25.000000  26.086957  27.173913  28.260870
0.93   6.451613   7.526882   8.602151   9.677419  10.752688  11.827957  12.903226  13.978495  15.053763  16.129032  17.204301  18.279570  19.354839  20.430108  21.505376  22.580645  23.655914  24.731183  25.806452  26.881720  27.956989
0.94   6.382979   7.446809   8.510638   9.574468  10.638298  11.702128  12.765957  13.829787  14.893617  15.957447  17.021277  18.085106  19.148936  20.212766  21.276596  22.340426  23.404255  24.468085  25.531915  26.595745  27.659574
0.95   6.315789   7.368421   8.421053   9.473684  10.526316  11.578947  12.631579  13.684211  14.736842  15.789474  16.842105  17.894737  18.947368  20.000000  21.052632  22.105263  23.157895  24.210526  25.263158  26.315789  27.368421
0.96   6.250000   7.291667   8.333333   9.375000  10.416667  11.458333  12.500000  13.541667  14.583333  15.625000  16.666667  17.708333  18.750000  19.791667  20.833333  21.875000  22.916667  23.958333  25.000000  26.041667  27.083333
0.97   6.185567   7.216495   8.247423   9.278351  10.309278  11.340206  12.371134  13.402062  14.432990  15.463918  16.494845  17.525773  18.556701  19.587629  20.618557  21.649485  22.680412  23.711340  24.742268  25.773196  26.804124
0.98   6.122449   7.142857   8.163265   9.183673  10.204082  11.224490  12.244898  13.265306  14.285714  15.306122  16.326531  17.346939  18.367347  19.387755  20.408163  21.428571  22.448980  23.469388  24.489796  25.510204  26.530612
0.99   6.060606   7.070707   8.080808   9.090909  10.101010  11.111111  12.121212  13.131313  14.141414  15.151515  16.161616  17.171717  18.181818  19.191919  20.202020  21.212121  22.222222  23.232323  24.242424  25.252525  26.262626
1.00   6.000000   7.000000   8.000000   9.000000  10.000000  11.000000  12.000000  13.000000  14.000000  15.000000  16.000000  17.000000  18.000000  19.000000  20.000000  21.000000  22.000000  23.000000  24.000000  25.000000  26.000000
1.01   5.940594   6.930693   7.920792   8.910891   9.900990  10.891089  11.881188  12.871287  13.861386  14.851485  15.841584  16.831683  17.821782  18.811881  19.801980  20.792079  21.782178  22.772277  23.762376  24.752475  25.742574
1.02   5.882353   6.862745   7.843137   8.823529   9.803922  10.784314  11.764706  12.745098  13.725490  14.705882  15.686275  16.666667  17.647059  18.627451  19.607843  20.588235  21.568627  22.549020  23.529412  24.509804  25.490196
1.03   5.825243   6.796117   7.766990   8.737864   9.708738  10.679612  11.650485  12.621359  13.592233  14.563107  15.533981  16.504854  17.475728  18.446602  19.417476  20.388350  21.359223  22.330097  23.300971  24.271845  25.242718
1.04   5.769231   6.730769   7.692308   8.653846   9.615385  10.576923  11.538462  12.500000  13.461538  14.423077  15.384615  16.346154  17.307692  18.269231  19.230769  20.192308  21.153846  22.115385  23.076923  24.038462  25.000000
1.05   5.714286   6.666667   7.619048   8.571429   9.523810  10.476190  11.428571  12.380952  13.333333  14.285714  15.238095  16.190476  17.142857  18.095238  19.047619  20.000000  20.952381  21.904762  22.857143  23.809524  24.761905
1.06   5.660377   6.603774   7.547170   8.490566   9.433962  10.377358  11.320755  12.264151  13.207547  14.150943  15.094340  16.037736  16.981132  17.924528  18.867925  19.811321  20.754717  21.698113  22.641509  23.584906  24.528302
1.07   5.607477   6.542056   7.476636   8.411215   9.345794  10.280374  11.214953  12.149533  13.084112  14.018692  14.953271  15.887850  16.822430  17.757009  18.691589  19.626168  20.560748  21.495327  22.429907  23.364486  24.299065
1.08   5.555556   6.481481   7.407407   8.333333   9.259259  10.185185  11.111111  12.037037  12.962963  13.888889  14.814815  15.740741  16.666667  17.592593  18.518519  19.444444  20.370370  21.296296  22.222222  23.148148  24.074074
1.09   5.504587   6.422018   7.339450   8.256881   9.174312  10.091743  11.009174  11.926606  12.844037  13.761468  14.678899  15.596330  16.513761  17.431193  18.348624  19.266055  20.183486  21.100917  22.018349  22.935780  23.853211
1.10   5.454545   6.363636   7.272727   8.181818   9.090909  10.000000  10.909091  11.818182  12.727273  13.636364  14.545455  15.454545  16.363636  17.272727  18.181818  19.090909  20.000000  20.909091  21.818182  22.727273  23.636364
1.11   5.405405   6.306306   7.207207   8.108108   9.009009   9.909910  10.810811  11.711712  12.612613  13.513514  14.414414  15.315315  16.216216  17.117117  18.018018  18.918919  19.819820  20.720721  21.621622  22.522523  23.423423
1.12   5.357143   6.250000   7.142857   8.035714   8.928571   9.821429  10.714286  11.607143  12.500000  13.392857  14.285714  15.178571  16.071429  16.964286  17.857143  18.750000  19.642857  20.535714  21.428571  22.321429  23.214286
1.13   5.309735   6.194690   7.079646   7.964602   8.849558   9.734513  10.619469  11.504425  12.389381  13.274336  14.159292  15.044248  15.929204  16.814159  17.699115  18.584071  19.469027  20.353982  21.238938  22.123894  23.008850
1.14   5.263158   6.140351   7.017544   7.894737   8.771930   9.649123  10.526316  11.403509  12.280702  13.157895  14.035088  14.912281  15.789474  16.666667  17.543860  18.421053  19.298246  20.175439  21.052632  21.929825  22.807018
1.15   5.217391   6.086957   6.956522   7.826087   8.695652   9.565217  10.434783  11.304348  12.173913  13.043478  13.913043  14.782609  15.652174  16.521739  17.391304  18.260870  19.130435  20.000000  20.869565  21.739130  22.608696
1.16   5.172414   6.034483   6.896552   7.758621   8.620690   9.482759  10.344828  11.206897  12.068966  12.931034  13.793103  14.655172  15.517241  16.379310  17.241379  18.103448  18.965517  19.827586  20.689655  21.551724  22.413793
1.17   5.128205   5.982906   6.837607   7.692308   8.547009   9.401709  10.256410  11.111111  11.965812  12.820513  13.675214  14.529915  15.384615  16.239316  17.094017  17.948718  18.803419  19.658120  20.512821  21.367521  22.222222
1.18   5.084746   5.932203   6.779661   7.627119   8.474576   9.322034  10.169492  11.016949  11.864407  12.711864  13.559322  14.406780  15.254237  16.101695  16.949153  17.796610  18.644068  19.491525  20.338983  21.186441  22.033898
1.19   5.042017   5.882353   6.722689   7.563025   8.403361   9.243697  10.084034  10.924370  11.764706  12.605042  13.445378  14.285714  15.126050  15.966387  16.806723  17.647059  18.487395  19.327731  20.168067  21.008403  21.848739
1.20   5.000000   5.833333   6.666667   7.500000   8.333333   9.166667  10.000000  10.833333  11.666667  12.500000  13.333333  14.166667  15.000000  15.833333  16.666667  17.500000  18.333333  19.166667  20.000000  20.833333  21.666667
1.21   4.958678   5.785124   6.611570   7.438017   8.264463   9.090909   9.917355  10.743802  11.570248  12.396694  13.223140  14.049587  14.876033  15.702479  16.528926  17.355372  18.181818  19.008264  19.834711  20.661157  21.487603
1.22   4.918033   5.737705   6.557377   7.377049   8.196721   9.016393   9.836066  10.655738  11.475410  12.295082  13.114754  13.934426  14.754098  15.573770  16.393443  17.213115  18.032787  18.852459  19.672131  20.491803  21.311475
1.23   4.878049   5.691057   6.504065   7.317073   8.130081   8.943089   9.756098  10.569106  11.382114  12.195122  13.008130  13.821138  14.634146  15.447154  16.260163  17.073171  17.886179  18.699187  19.512195  20.325203  21.138211
1.24   4.838710   5.645161   6.451613   7.258065   8.064516   8.870968   9.677419  10.483871  11.290323  12.096774  12.903226  13.709677  14.516129  15.322581  16.129032  16.935484  17.741935  18.548387  19.354839  20.161290  20.967742
1.25   4.800000   5.600000   6.400000   7.200000   8.000000   8.800000   9.600000  10.400000  11.200000  12.000000  12.800000  13.600000  14.400000  15.200000  16.000000  16.800000  17.600000  18.400000  19.200000  20.000000  20.800000
1.26   4.761905   5.555556   6.349206   7.142857   7.936508   8.730159   9.523810  10.317460  11.111111  11.904762  12.698413  13.492063  14.285714  15.079365  15.873016  16.666667  17.460317  18.253968  19.047619  19.841270  20.634921
1.27   4.724409   5.511811   6.299213   7.086614   7.874016   8.661417   9.448819  10.236220  11.023622  11.811024  12.598425  13.385827  14.173228  14.960630  15.748031  16.535433  17.322835  18.110236  18.897638  19.685039  20.472441
1.28   4.687500   5.468750   6.250000   7.031250   7.812500   8.593750   9.375000  10.156250  10.937500  11.718750  12.500000  13.281250  14.062500  14.843750  15.625000  16.406250  17.187500  17.968750  18.750000  19.531250  20.312500
1.29   4.651163   5.426357   6.201550   6.976744   7.751938   8.527132   9.302326  10.077519  10.852713  11.627907  12.403101  13.178295  13.953488  14.728682  15.503876  16.279070  17.054264  17.829457  18.604651  19.379845  20.155039
1.30   4.615385   5.384615   6.153846   6.923077   7.692308   8.461538   9.230769  10.000000  10.769231  11.538462  12.307692  13.076923  13.846154  14.615385  15.384615  16.153846  16.923077  17.692308  18.461538  19.230769  20.000000
1.31   4.580153   5.343511   6.106870   6.870229   7.633588   8.396947   9.160305   9.923664  10.687023  11.450382  12.213740  12.977099  13.740458  14.503817  15.267176  16.030534  16.793893  17.557252  18.320611  19.083969  19.847328
1.32   4.545455   5.303030   6.060606   6.818182   7.575758   8.333333   9.090909   9.848485  10.606061  11.363636  12.121212  12.878788  13.636364  14.393939  15.151515  15.909091  16.666667  17.424242  18.181818  18.939394  19.696970
1.33   4.511278   5.263158   6.015038   6.766917   7.518797   8.270677   9.022556   9.774436  10.526316  11.278195  12.030075  12.781955  13.533835  14.285714  15.037594  15.789474  16.541353  17.293233  18.045113  18.796992  19.548872
1.34   4.477612   5.223881   5.970149   6.716418   7.462687   8.208955   8.955224   9.701493  10.447761  11.194030  11.940299  12.686567  13.432836  14.179104  14.925373  15.671642  16.417910  17.164179  17.910448  18.656716  19.402985
1.35   4.444444   5.185185   5.925926   6.666667   7.407407   8.148148   8.888889   9.629630  10.370370  11.111111  11.851852  12.592593  13.333333  14.074074  14.814815  15.555556  16.296296  17.037037  17.777778  18.518519  19.259259
1.36   4.411765   5.147059   5.882353   6.617647   7.352941   8.088235   8.823529   9.558824  10.294118  11.029412  11.764706  12.500000  13.235294  13.970588  14.705882  15.441176  16.176471  16.911765  17.647059  18.382353  19.117647
1.37   4.379562   5.109489   5.839416   6.569343   7.299270   8.029197   8.759124   9.489051  10.218978  10.948905  11.678832  12.408759  13.138686  13.868613  14.598540  15.328467  16.058394  16.788321  17.518248  18.248175  18.978102
1.38   4.347826   5.072464   5.797101   6.521739   7.246377   7.971014   8.695652   9.420290  10.144928  10.869565  11.594203  12.318841  13.043478  13.768116  14.492754  15.217391  15.942029  16.666667  17.391304  18.115942  18.840580
1.39   4.316547   5.035971   5.755396   6.474820   7.194245   7.913669   8.633094   9.352518  10.071942  10.791367  11.510791  12.230216  12.949640  13.669065  14.388489  15.107914  15.827338  16.546763  17.266187  17.985612  18.705036
1.40   4.285714   5.000000   5.714286   6.428571   7.142857   7.857143   8.571429   9.285714  10.000000  10.714286  11.428571  12.142857  12.857143  13.571429  14.285714  15.000000  15.714286  16.428571  17.142857  17.857143  18.571429
1.41   4.255319   4.964539   5.673759   6.382979   7.092199   7.801418   8.510638   9.219858   9.929078  10.638298  11.347518  12.056738  12.765957  13.475177  14.184397  14.893617  15.602837  16.312057  17.021277  17.730496  18.439716
1.42   4.225352   4.929577   5.633803   6.338028   7.042254   7.746479   8.450704   9.154930   9.859155  10.563380  11.267606  11.971831  12.676056  13.380282  14.084507  14.788732  15.492958  16.197183  16.901408  17.605634  18.309859
1.43   4.195804   4.895105   5.594406   6.293706   6.993007   7.692308   8.391608   9.090909   9.790210  10.489510  11.188811  11.888112  12.587413  13.286713  13.986014  14.685315  15.384615  16.083916  16.783217  17.482517  18.181818
1.44   4.166667   4.861111   5.555556   6.250000   6.944444   7.638889   8.333333   9.027778   9.722222  10.416667  11.111111  11.805556  12.500000  13.194444  13.888889  14.583333  15.277778  15.972222  16.666667  17.361111  18.055556
1.45   4.137931   4.827586   5.517241   6.206897   6.896552   7.586207   8.275862   8.965517   9.655172  10.344828  11.034483  11.724138  12.413793  13.103448  13.793103  14.482759  15.172414  15.862069  16.551724  17.241379  17.931034
1.46   4.109589   4.794521   5.479452   6.164384   6.849315   7.534247   8.219178   8.904110   9.589041  10.273973  10.958904  11.643836  12.328767  13.013699  13.698630  14.383562  15.068493  15.753425  16.438356  17.123288  17.808219
1.47   4.081633   4.761905   5.442177   6.122449   6.802721   7.482993   8.163265   8.843537   9.523810  10.204082  10.884354  11.564626  12.244898  12.925170  13.605442  14.285714  14.965986  15.646259  16.326531  17.006803  17.687075
1.48   4.054054   4.729730   5.405405   6.081081   6.756757   7.432432   8.108108   8.783784   9.459459  10.135135  10.810811  11.486486  12.162162  12.837838  13.513514  14.189189  14.864865  15.540541  16.216216  16.891892  17.567568
1.49   4.026846   4.697987   5.369128   6.040268   6.711409   7.382550   8.053691   8.724832   9.395973  10.067114  10.738255  11.409396  12.080537  12.751678  13.422819  14.093960  14.765101  15.436242  16.107383  16.778523  17.449664
1.50   4.000000   4.666667   5.333333   6.000000   6.666667   7.333333   8.000000   8.666667   9.333333  10.000000  10.666667  11.333333  12.000000  12.666667  13.333333  14.000000  14.666667  15.333333  16.000000  16.666667  17.333333
1.51   3.973510   4.635762   5.298013   5.960265   6.622517   7.284768   7.947020   8.609272   9.271523   9.933775  10.596026  11.258278  11.920530  12.582781  13.245033  13.907285  14.569536  15.231788  15.894040  16.556291  17.218543
1.52   3.947368   4.605263   5.263158   5.921053   6.578947   7.236842   7.894737   8.552632   9.210526   9.868421  10.526316  11.184211  11.842105  12.500000  13.157895  13.815789  14.473684  15.131579  15.789474  16.447368  17.105263
1.53   3.921569   4.575163   5.228758   5.882353   6.535948   7.189542   7.843137   8.496732   9.150327   9.803922  10.457516  11.111111  11.764706  12.418301  13.071895  13.725490  14.379085  15.032680  15.686275  16.339869  16.993464
1.54   3.896104   4.545455   5.194805   5.844156   6.493506   7.142857   7.792208   8.441558   9.090909   9.740260  10.389610  11.038961  11.688312  12.337662  12.987013  13.636364  14.285714  14.935065  15.584416  16.233766  16.883117
1.55   3.870968   4.516129   5.161290   5.806452   6.451613   7.096774   7.741935   8.387097   9.032258   9.677419  10.322581  10.967742  11.612903  12.258065  12.903226  13.548387  14.193548  14.838710  15.483871  16.129032  16.774194
1.56   3.846154   4.487179   5.128205   5.769231   6.410256   7.051282   7.692308   8.333333   8.974359   9.615385  10.256410  10.897436  11.538462  12.179487  12.820513  13.461538  14.102564  14.743590  15.384615  16.025641  16.666667
1.57   3.821656   4.458599   5.095541   5.732484   6.369427   7.006369   7.643312   8.280255   8.917197   9.554140  10.191083  10.828025  11.464968  12.101911  12.738854  13.375796  14.012739  14.649682  15.286624  15.923567  16.560510
1.58   3.797468   4.430380   5.063291   5.696203   6.329114   6.962025   7.594937   8.227848   8.860759   9.493671  10.126582  10.759494  11.392405  12.025316  12.658228  13.291139  13.924051  14.556962  15.189873  15.822785  16.455696
1.59   3.773585   4.402516   5.031447   5.660377   6.289308   6.918239   7.547170   8.176101   8.805031   9.433962  10.062893  10.691824  11.320755  11.949686  12.578616  13.207547  13.836478  14.465409  15.094340  15.723270  16.352201
1.60   3.750000   4.375000   5.000000   5.625000   6.250000   6.875000   7.500000   8.125000   8.750000   9.375000  10.000000  10.625000  11.250000  11.875000  12.500000  13.125000  13.750000  14.375000  15.000000  15.625000  16.250000
1.61   3.726708   4.347826   4.968944   5.590062   6.211180   6.832298   7.453416   8.074534   8.695652   9.316770   9.937888  10.559006  11.180124  11.801242  12.422360  13.043478  13.664596  14.285714  14.906832  15.527950  16.149068
1.62   3.703704   4.320988   4.938272   5.555556   6.172840   6.790123   7.407407   8.024691   8.641975   9.259259   9.876543  10.493827  11.111111  11.728395  12.345679  12.962963  13.580247  14.197531  14.814815  15.432099  16.049383
1.63   3.680982   4.294479   4.907975   5.521472   6.134969   6.748466   7.361963   7.975460   8.588957   9.202454   9.815951  10.429448  11.042945  11.656442  12.269939  12.883436  13.496933  14.110429  14.723926  15.337423  15.950920
1.64   3.658537   4.268293   4.878049   5.487805   6.097561   6.707317   7.317073   7.926829   8.536585   9.146341   9.756098  10.365854  10.975610  11.585366  12.195122  12.804878  13.414634  14.024390  14.634146  15.243902  15.853659
1.65   3.636364   4.242424   4.848485   5.454545   6.060606   6.666667   7.272727   7.878788   8.484848   9.090909   9.696970  10.303030  10.909091  11.515152  12.121212  12.727273  13.333333  13.939394  14.545455  15.151515  15.757576
1.66   3.614458   4.216867   4.819277   5.421687   6.024096   6.626506   7.228916   7.831325   8.433735   9.036145   9.638554  10.240964  10.843373  11.445783  12.048193  12.650602  13.253012  13.855422  14.457831  15.060241  15.662651
1.67   3.592814   4.191617   4.790419   5.389222   5.988024   6.586826   7.185629   7.784431   8.383234   8.982036   9.580838  10.179641  10.778443  11.377246  11.976048  12.574850  13.173653  13.772455  14.371257  14.970060  15.568862
1.68   3.571429   4.166667   4.761905   5.357143   5.952381   6.547619   7.142857   7.738095   8.333333   8.928571   9.523810  10.119048  10.714286  11.309524  11.904762  12.500000  13.095238  13.690476  14.285714  14.880952  15.476190
1.69   3.550296   4.142012   4.733728   5.325444   5.917160   6.508876   7.100592   7.692308   8.284024   8.875740   9.467456  10.059172  10.650888  11.242604  11.834320  12.426036  13.017751  13.609467  14.201183  14.792899  15.384615
1.70   3.529412   4.117647   4.705882   5.294118   5.882353   6.470588   7.058824   7.647059   8.235294   8.823529   9.411765  10.000000  10.588235  11.176471  11.764706  12.352941  12.941176  13.529412  14.117647  14.705882  15.294118
1.71   3.508772   4.093567   4.678363   5.263158   5.847953   6.432749   7.017544   7.602339   8.187135   8.771930   9.356725   9.941520  10.526316  11.111111  11.695906  12.280702  12.865497  13.450292  14.035088  14.619883  15.204678
1.72   3.488372   4.069767   4.651163   5.232558   5.813953   6.395349   6.976744   7.558140   8.139535   8.720930   9.302326   9.883721  10.465116  11.046512  11.627907  12.209302  12.790698  13.372093  13.953488  14.534884  15.116279
1.73   3.468208   4.046243   4.624277   5.202312   5.780347   6.358382   6.936416   7.514451   8.092486   8.670520   9.248555   9.826590  10.404624  10.982659  11.560694  12.138728  12.716763  13.294798  13.872832  14.450867  15.028902
1.74   3.448276   4.022989   4.597701   5.172414   5.747126   6.321839   6.896552   7.471264   8.045977   8.620690   9.195402   9.770115  10.344828  10.919540  11.494253  12.068966  12.643678  13.218391  13.793103  14.367816  14.942529
1.75   3.428571   4.000000   4.571429   5.142857   5.714286   6.285714   6.857143   7.428571   8.000000   8.571429   9.142857   9.714286  10.285714  10.857143  11.428571  12.000000  12.571429  13.142857  13.714286  14.285714  14.857143
1.76   3.409091   3.977273   4.545455   5.113636   5.681818   6.250000   6.818182   7.386364   7.954545   8.522727   9.090909   9.659091  10.227273  10.795455  11.363636  11.931818  12.500000  13.068182  13.636364  14.204545  14.772727
1.77   3.389831   3.954802   4.519774   5.084746   5.649718   6.214689   6.779661   7.344633   7.909605   8.474576   9.039548   9.604520  10.169492  10.734463  11.299435  11.864407  12.429379  12.994350  13.559322  14.124294  14.689266
1.78   3.370787   3.932584   4.494382   5.056180   5.617978   6.179775   6.741573   7.303371   7.865169   8.426966   8.988764   9.550562  10.112360  10.674157  11.235955  11.797753  12.359551  12.921348  13.483146  14.044944  14.606742
1.79   3.351955   3.910615   4.469274   5.027933   5.586592   6.145251   6.703911   7.262570   7.821229   8.379888   8.938547   9.497207  10.055866  10.614525  11.173184  11.731844  12.290503  12.849162  13.407821  13.966480  14.525140
1.80   3.333333   3.888889   4.444444   5.000000   5.555556   6.111111   6.666667   7.222222   7.777778   8.333333   8.888889   9.444444  10.000000  10.555556  11.111111  11.666667  12.222222  12.777778  13.333333  13.888889  14.444444
1.81   3.314917   3.867403   4.419890   4.972376   5.524862   6.077348   6.629834   7.182320   7.734807   8.287293   8.839779   9.392265   9.944751  10.497238  11.049724  11.602210  12.154696  12.707182  13.259669  13.812155  14.364641
1.82   3.296703   3.846154   4.395604   4.945055   5.494505   6.043956   6.593407   7.142857   7.692308   8.241758   8.791209   9.340659   9.890110  10.439560  10.989011  11.538462  12.087912  12.637363  13.186813  13.736264  14.285714
1.83   3.278689   3.825137   4.371585   4.918033   5.464481   6.010929   6.557377   7.103825   7.650273   8.196721   8.743169   9.289617   9.836066  10.382514  10.928962  11.475410  12.021858  12.568306  13.114754  13.661202  14.207650
1.84   3.260870   3.804348   4.347826   4.891304   5.434783   5.978261   6.521739   7.065217   7.608696   8.152174   8.695652   9.239130   9.782609  10.326087  10.869565  11.413043  11.956522  12.500000  13.043478  13.586957  14.130435
1.85   3.243243   3.783784   4.324324   4.864865   5.405405   5.945946   6.486486   7.027027   7.567568   8.108108   8.648649   9.189189   9.729730  10.270270  10.810811  11.351351  11.891892  12.432432  12.972973  13.513514  14.054054
1.86   3.225806   3.763441   4.301075   4.838710   5.376344   5.913978   6.451613   6.989247   7.526882   8.064516   8.602151   9.139785   9.677419  10.215054  10.752688  11.290323  11.827957  12.365591  12.903226  13.440860  13.978495
1.87   3.208556   3.743316   4.278075   4.812834   5.347594   5.882353   6.417112   6.951872   7.486631   8.021390   8.556150   9.090909   9.625668  10.160428  10.695187  11.229947  11.764706  12.299465  12.834225  13.368984  13.903743
1.88   3.191489   3.723404   4.255319   4.787234   5.319149   5.851064   6.382979   6.914894   7.446809   7.978723   8.510638   9.042553   9.574468  10.106383  10.638298  11.170213  11.702128  12.234043  12.765957  13.297872  13.829787
1.89   3.174603   3.703704   4.232804   4.761905   5.291005   5.820106   6.349206   6.878307   7.407407   7.936508   8.465608   8.994709   9.523810  10.052910  10.582011  11.111111  11.640212  12.169312  12.698413  13.227513  13.756614
1.90   3.157895   3.684211   4.210526   4.736842   5.263158   5.789474   6.315789   6.842105   7.368421   7.894737   8.421053   8.947368   9.473684  10.000000  10.526316  11.052632  11.578947  12.105263  12.631579  13.157895  13.684211
1.91   3.141361   3.664921   4.188482   4.712042   5.235602   5.759162   6.282723   6.806283   7.329843   7.853403   8.376963   8.900524   9.424084   9.947644  10.471204  10.994764  11.518325  12.041885  12.565445  13.089005  13.612565
1.92   3.125000   3.645833   4.166667   4.687500   5.208333   5.729167   6.250000   6.770833   7.291667   7.812500   8.333333   8.854167   9.375000   9.895833  10.416667  10.937500  11.458333  11.979167  12.500000  13.020833  13.541667
1.93   3.108808   3.626943   4.145078   4.663212   5.181347   5.699482   6.217617   6.735751   7.253886   7.772021   8.290155   8.808290   9.326425   9.844560  10.362694  10.880829  11.398964  11.917098  12.435233  12.953368  13.471503
1.94   3.092784   3.608247   4.123711   4.639175   5.154639   5.670103   6.185567   6.701031   7.216495   7.731959   8.247423   8.762887   9.278351   9.793814  10.309278  10.824742  11.340206  11.855670  12.371134  12.886598  13.402062
1.95   3.076923   3.589744   4.102564   4.615385   5.128205   5.641026   6.153846   6.666667   7.179487   7.692308   8.205128   8.717949   9.230769   9.743590  10.256410  10.769231  11.282051  11.794872  12.307692  12.820513  13.333333
1.96   3.061224   3.571429   4.081633   4.591837   5.102041   5.612245   6.122449   6.632653   7.142857   7.653061   8.163265   8.673469   9.183673   9.693878  10.204082  10.714286  11.224490  11.734694  12.244898  12.755102  13.265306
1.97   3.045685   3.553299   4.060914   4.568528   5.076142   5.583756   6.091371   6.598985   7.106599   7.614213   8.121827   8.629442   9.137056   9.644670  10.152284  10.659898  11.167513  11.675127  12.182741  12.690355  13.197970
1.98   3.030303   3.535354   4.040404   4.545455   5.050505   5.555556   6.060606   6.565657   7.070707   7.575758   8.080808   8.585859   9.090909   9.595960  10.101010  10.606061  11.111111  11.616162  12.121212  12.626263  13.131313
1.99   3.015075   3.517588   4.020101   4.522613   5.025126   5.527638   6.030151   6.532663   7.035176   7.537688   8.040201   8.542714   9.045226   9.547739  10.050251  10.552764  11.055276  11.557789  12.060302  12.562814  13.065327
2.00   3.000000   3.500000   4.000000   4.500000   5.000000   5.500000   6.000000   6.500000   7.000000   7.500000   8.000000   8.500000   9.000000   9.500000  10.000000  10.500000  11.000000  11.500000  12.000000  12.500000  13.000000
